100
3.6258015198
2.97194120597
3.52154020964
2.86287513895
3.02838514675
3.33833966375
3.28374771909
4.19461772058
2.89641906199
3.34864467758
3.71071673266
2.52481663118
2.75481024744
2.73183288697
3.1307522882
2.40813913201
3.15263028116
3.5060315179
2.95284905093
3.67192293099
2.93288502353
3.67582460768
3.67581711234
2.59007367617
3.89761113437
3.18003956167
2.25591077034
3.26264314171
2.45590169322
3.07335972415
3.06729026128
3.91572584986
3.46381134489
3.08803941139
3.6009346441
3.32137393819
3.80594666083
3.25553610808
3.42031443771
3.28359388162
3.71389838903
2.46554148718
3.05108553958
3.08987651396
3.15696123195
3.08356187843
2.39852167184
3.89242470858
3.61180358455
2.69184433686
3.20229841998
3.4003286664
3.67304002531
2.95394643381
2.8958314
3.03452840875
2.94236681344
3.47969846587
3.04337047815
3.80569473699
3.35475851339
3.10047514232
3.35436147388
3.41357626601
2.77508921628
3.19128161884
3.3220834821
3.2396610278
3.1438070376
2.72292222853
2.7861996264
2.81915697712
3.23301531772
2.49085336611
3.95342317918
3.4676017561
3.40806464457
3.25318378692
3.5548379878
3.01226917911
3.45577505848
3.3371848187
3.33833994229
3.16247097558
3.25799931174
3.59097243449
3.07330856562
2.80485918908
3.17980457965
2.97935723922
3.06576774038
3.50779190204
3.84001920878
3.2494160875
2.7322727357
3.2093274625
2.99982506434
