100
3.27640338703
2.72776496204
3.22666933893
3.42640537409
2.70667225358
3.05569916401
3.26796519645
2.7683541475
2.94162089111
3.02277679909
2.88611392738
2.80207739983
2.97632052365
2.97707252241
2.88430611954
3.12001603205
3.41343532707
3.05412083565
2.52694564078
3.32302300429
3.48856145099
3.15429501171
2.75741914674
3.65900507666
3.62531074196
2.77999204886
3.77680971093
2.62047155622
2.73210140319
3.19012769345
2.89560688176
2.06778818687
3.27150051165
2.78612862076
2.38291771228
4.04090525406
3.38674299024
3.02257423014
2.83391477534
2.55124452496
3.2634990533
3.38433571626
3.10160188261
3.21450318255
2.82797203036
2.86517542331
3.51710792935
3.49393850591
3.10506604258
2.39363424523
3.61600004404
2.7978690925
2.91146161955
2.48624096787
3.18054802911
3.29898355209
3.10463838768
2.42313004767
2.57052736944
3.25657209544
3.90919038918
3.29633382165
3.49111780424
2.79192262842
3.32878971373
3.53895093407
2.57642367521
2.6864916116
2.8565359147
3.42023143697
3.09025210029
3.29007611738
3.05233745545
3.5087973616
3.58504834186
2.96684931947
2.39695266558
2.7988185935
3.51673381728
2.79657505056
2.53738439967
3.01977509631
3.03410764178
2.48478292008
3.246540834
3.06167472679
3.00483777169
2.62152100888
2.42794855594
2.59476254494
3.04001656961
3.15622859531
3.2066110201
3.66081012545
2.78356152746
3.35081233382
3.03075278115
