100
3.39090394029
3.06849975013
3.08060307066
3.47789092661
3.46535090876
3.49873219692
2.99285935048
3.21564433593
3.3925965708
2.97146687957
2.81114533903
3.50434591181
3.03765044588
2.95444704498
3.49187442015
2.69395259725
3.56238084685
2.87813258936
2.55833291967
3.61950546917
3.14354863299
2.65709440123
3.54450767916
3.3485804716
3.3579089231
3.483880717
3.81220533369
3.45792051802
3.04726181319
3.70601786981
2.91936419472
2.53738769207
2.58059628754
2.58243563157
2.98090966131
3.2942284833
2.6077272071
2.93536120068
3.18415451013
3.31681800354
2.54803240049
2.54648866913
3.33526530069
3.24987406731
3.16097651302
3.33425546265
2.89869192883
2.72251098955
3.44758790539
3.08647064635
3.4036137976
2.73982212226
3.1823231779
2.65330733585
3.05682731618
2.8364632824
3.17346502933
3.11019366007
2.62863431321
3.36213264926
2.93658633729
3.02716154038
3.4463207201
3.02590479039
2.29676308559
3.55375411222
3.36869795396
3.24402797588
2.77521054603
3.22921166585
3.25046433539
2.98037305216
2.90835000541
3.23525346963
2.54202207594
3.7838456765
3.71417901488
2.69598671208
3.14180984195
3.04383506248
2.49046425066
3.28380438092
3.02434613729
3.49041533453
2.98608003383
2.46806583624
3.52368947841
2.96908440894
3.96607838546
3.42688193612
2.866191285
2.96386905106
2.57899360615
3.61753170516
2.98461599975
2.86920062342
3.20294119888
