100
3.14159264
3.14159264
3.14159264
3.14159264
3.14159264
3.14159264
3.14159264
3.14159264
3.14159264
3.14159264
3.14159264
3.14159264
3.14159264
3.14159264
3.14159264
3.14159264
3.14159264
3.14159264
3.14159264
3.14159264
3.14159264
3.14159264
3.14159264
3.14159264
1.57079633
3.14159264
3.14159264
3.14159264
3.14159264
3.14159264
3.14159264
3.14159264
3.14159264
3.14159264
3.14159264
3.14159264
3.14159264
3.14159264
3.14159264
3.14159264
3.14159264
3.14159264
3.14159264
3.14159264
3.14159264
3.14159264
3.14159264
3.14159264
3.14159264
1.57079633
3.14159264
3.14159264
3.14159264
3.14159264
3.14159264
3.14159264
3.14159264
3.14159264
3.14159264
3.14159264
3.14159264
3.14159264
3.14159264
3.14159264
3.14159264
3.14159264
3.14159264
3.14159264
3.14159264
3.14159264
3.14159264
3.14159264
3.14159264
3.14159264
1.57079633
3.14159264
3.14159264
3.14159264
3.14159264
3.14159264
3.14159264
3.14159264
3.14159264
3.14159264
3.14159264
3.14159264
3.14159264
3.14159264
3.14159264
3.14159264
3.14159264
3.14159264
3.14159264
3.14159264
3.14159264
3.14159264
3.14159264
