100
3.24920297517
3.11550298421
3.5379732508
3.26983153441
2.84648118406
3.28098684647
3.53686796979
2.88628932258
3.15362577682
2.99668583931
2.76888200257
3.1246601256
3.00885185883
3.65238667243
3.45052953055
2.77274676421
2.74593924125
2.99088668238
2.21504810318
2.69570391625
3.2009429963
2.92044637428
2.4444576092
2.77786007381
3.07860534482
3.50658364066
2.68577928271
3.73079566959
2.8578674399
3.23299874594
3.38606053377
2.98114759548
2.92536673274
3.55633604025
2.94094168225
2.82038546625
3.56761399444
3.40592819842
3.28801358034
3.0350130906
2.70397832327
3.21704124387
3.08052964924
3.42840433714
3.17287152446
3.17264525399
3.21368912071
2.5768443036
2.5739227051
2.6461025048
3.25218983947
3.81158806401
3.56225383564
3.17851758018
2.89179541659
2.76872397439
3.86416728327
3.02821316481
2.03987074703
2.44648417492
2.69953963167
3.62210287871
3.372835537
2.76132247107
2.88428350189
3.27567919488
3.97526052158
2.64501813951
3.55713226991
3.27381361466
2.6643587571
2.42527164271
2.87677516859
3.22007226098
3.5763375245
3.46729692412
2.62925087949
2.88786367967
2.53955368521
2.93789642515
3.33606164078
3.451696416
3.21141072542
1.98687212365
3.12209580279
2.55209056701
3.06155266516
4.06745756177
3.48805101159
3.37282713231
3.2391306622
2.84170140073
2.70276744654
2.54934864101
2.80224543626
3.09352578792
3.1733163978
