100
3.0787608
3.0787608
3.0787608
3.0787608
3.0787608
3.0787608
3.0787608
3.0787608
3.0787608
3.0787608
3.0787608
3.0787608
3.0787608
3.0787608
3.0787608
3.0787608
3.0787608
3.0787608
3.0787608
3.0787608
3.0787608
3.0787608
3.0787608
3.0787608
3.0787608
3.0787608
3.0787608
3.0787608
3.0787608
3.0787608
3.0787608
3.0787608
3.0787608
3.0787608
3.0787608
3.0787608
3.0787608
3.0787608
3.0787608
3.0787608
3.0787608
3.0787608
3.0787608
3.0787608
3.0787608
3.0787608
3.0787608
3.0787608
3.0787608
3.0787608
3.0787608
3.0787608
3.0787608
3.0787608
3.0787608
3.0787608
3.0787608
3.0787608
3.0787608
3.0787608
3.0787608
3.0787608
3.0787608
3.0787608
3.0787608
3.0787608
3.0787608
3.0787608
3.0787608
3.0787608
3.0787608
3.0787608
3.0787608
3.0787608
3.0787608
3.0787608
3.0787608
3.0787608
3.0787608
3.0787608
3.0787608
3.0787608
3.0787608
3.0787608
3.0787608
3.0787608
3.0787608
3.0787608
3.0787608
3.0787608
3.0787608
3.0787608
3.0787608
3.0787608
3.0787608
3.0787608
3.0787608
