100
2.69323210291
2.80344064724
3.06603531084
3.37796253069
2.80311928736
3.17382406172
3.2591696579
3.10920792856
2.70198731258
3.32592047855
3.5262450721
3.05211512321
3.43383991601
2.49578580794
3.12570064326
3.36949075881
2.70906513977
2.32578718541
3.09327907166
4.06360939918
2.76567665031
2.89673545562
2.9036900646
2.7594038038
2.98203262972
3.26652560397
2.85878970484
2.1024922
2.84347053006
2.85566400229
3.36449146843
3.12313438426
3.96952538047
3.36613848008
3.26372629641
3.4637256422
2.78085740898
3.20176203581
3.09657046039
3.22851755203
4.00522095029
2.67788938999
3.39779853988
3.49254463238
3.34098224181
2.93849071016
3.43377374251
2.55037695138
2.52734972387
3.03092787773
3.2335923872
3.8562993187
3.13517451207
3.70918767354
2.20779874702
2.7603798608
3.0871639538
3.04420283712
3.02577430969
2.94727051248
2.41932149238
2.64311532843
3.31561191732
2.83079763043
2.72148871132
2.92335464559
2.70208392655
3.39490588856
3.37576018542
3.26550458472
3.18482416805
2.62699148618
3.73412514888
3.23229087806
3.48266097147
3.16877782207
2.42327038986
3.50993992371
2.87294088632
3.31412850013
2.43560928589
2.70682200717
3.35429797359
3.4761572951
2.62883703422
2.58201228919
3.77622649363
2.45027675394
4.22623935127
3.73176507101
3.2339223287
3.22715876226
3.61756714
3.12675504349
3.19686758904
3.02878176713
3.12484770671
