100
3.55076675446
2.76421958515
2.6059376615
2.37926169546
2.94041663814
3.10243712858
2.56826175697
3.90083393792
3.36719177088
2.84961062985
2.4129834009
3.36150474148
3.0126711478
3.06423897138
3.03420235124
3.31992686824
2.83447159653
2.00300847023
3.06308950496
3.2699932662
3.03055751374
3.81884347982
3.00432225062
3.21184828848
3.09675750929
3.10330284818
2.43225844377
3.44282881507
3.35658008608
2.49731964648
3.94224264599
3.36291385423
2.63891023421
3.71317340743
3.16318297058
3.06515146626
2.4401290769
3.35772620068
3.43970916261
3.5007383837
3.34368121846
2.68725762187
2.95839690586
3.82408072835
3.15350721489
3.19138498684
3.01284905357
2.94369584044
2.76397958862
3.06690469476
2.48162950658
3.17953021079
3.043495756
2.56834992242
3.20302812245
2.89656639923
2.46413071807
2.61107048714
3.02805635084
3.42314554221
2.92166931873
3.06889218299
3.1006598705
3.19063543803
3.79934046385
3.46749257372
2.96813906112
2.76925493137
2.98541500277
2.70493479668
3.64658141534
2.56988532649
3.74114479337
2.79976330518
2.62725868821
2.57834796372
3.4410702866
2.68792016851
2.8931942772
3.11056001144
3.26303262091
3.13728240361
3.70806680545
3.64248530157
3.05407299069
3.49926440882
3.68056464751
2.71203435778
3.14743480727
2.90019466071
3.76312402835
3.07680116609
3.22379535536
2.73647828845
2.98394713733
2.99645483607
3.2611494104
