100
2.7180429665
2.34097808323
2.72651245072
2.75595008466
3.35067259258
3.23609952527
3.24644760264
3.44114254223
1.96453477659
2.27436852196
3.33238777637
3.78005674735
3.46547943111
3.88119010434
2.87161467783
2.93833562337
3.79231903905
3.23282654304
2.90623820605
2.75757309168
2.96170141593
2.80648885293
2.69274891808
2.86027174182
3.12474778717
3.73411142204
2.70821128212
2.84188877386
2.75803188729
3.40200634374
3.19151946677
3.06775343606
3.27941474474
3.01415294115
3.53572551534
2.87937719443
3.3069014471
2.81464777508
2.66194439433
2.98372610932
3.22411854363
2.30991968626
3.67127864001
3.21506400398
2.96381656014
3.36798458615
3.29619878736
3.0909040425
2.97322563141
2.63286939724
3.23687690601
3.14574020958
3.39732390752
3.0558244129
3.69124539426
3.19904871639
3.04529795932
3.02869766876
2.6943076701
2.57272442732
3.01178016316
3.20703400674
2.89920182973
3.03951680224
3.27136283166
3.37401471415
2.86262303619
2.94368646425
2.28264032392
2.61423486302
2.90813255009
2.76531121472
3.84568013885
3.00811188482
3.32436772107
3.1626809468
3.44566197781
2.7294636104
2.80699933878
3.86694075579
3.58408727467
2.88592164539
2.87253867862
3.73631116793
3.4659985567
3.11503149477
3.14084564872
2.86020738765
3.10304018929
3.83182725031
2.18265883323
2.99982575583
2.61568149103
2.56645413575
3.17190287789
2.90862373275
3.34658299563
