0 0
1 -1
0 1
1 1
-1 0
1 0
2 0
0 2
-1 2
1 2
0 -1
-1 3
3 -1
3 0
-1 4
1 -2
2 1
-2 1
-2 4
-1 -1
-2 0
2 2
0 4
-1 -2
-2 -2
3 1
1 3
-3 0
2 -3
-3 4
-4 0
1 -3
2 -1
2 3
2 4
3 -2
-4 1
3 3
3 -3
-1 5
-2 -3
4 2
-4 2
-3 -3
-4 -1
4 -1
0 3
-3 1
-2 -1
-4 -3
5 -2
-3 -4
-5 -3
-5 -1
-4 -2
-5 1
-2 2
0 -2
-4 -4
0 -3
-6 -1
-3 -2
4 0
-3 -5
-2 -6
3 4
6 -2
-1 -3
4 1
-3 5
-6 2
-3 -6
5 1
-1 -4
-4 -6
4 -2
-3 -1
-5 -2
-5 -6
5 -3
1 -4
-2 -7
0 -4
-1 -6
1 4
3 5
3 2
-3 -7
-5 -5
4 -4
2 6
5 -1
3 6
4 -3
6 0
-3 -8
-5 -4
5 -5
-1 -5
6 -6
