0 0
-1 0
-2 0
-3 1
0 1
-3 0
-3 -1
0 -1
1 0
0 -2
1 -1
-2 -2
-1 -2
0 2
-3 2
-1 1
2 -1
-2 2
0 -3
-1 3
-2 1
1 -4
-3 -2
-3 -3
-4 -3
-1 -1
1 1
1 -5
0 -5
3 -1
-4 -1
-2 -3
-2 -4
-3 3
4 -1
-2 -1
2 -4
-5 -3
-2 -5
2 -6
3 0
-1 2
1 -2
-4 4
4 0
1 2
4 -2
-5 -2
2 2
5 -1
5 -2
-4 5
1 -6
-4 6
3 -4
2 -5
2 0
-1 4
3 -7
3 -8
3 -6
1 -3
-5 -1
3 -9
-5 -4
0 3
4 -5
0 4
4 -10
1 -7
6 -3
-6 -2
-6 0
-4 -5
0 -6
-4 7
1 4
0 -7
-5 7
4 1
-2 3
-6 -3
-3 5
2 -9
4 -8
4 -4
-6 8
3 -3
-4 -6
7 -4
-4 8
-7 8
-3 -6
-4 3
5 -4
-1 -4
2 4
5 -5
-3 -7
5 -10
