0 0
-1 0
0 -1
1 -2
0 1
1 -1
2 -1
2 -3
3 -1
-2 0
-3 0
0 -2
0 -3
1 0
0 -4
-3 1
-1 2
-4 2
3 -2
4 -3
-1 3
5 -4
3 -3
4 -2
-5 3
-2 1
5 -3
-5 2
-1 4
-6 2
5 -2
0 4
-2 3
-5 1
2 0
-1 -3
-3 4
-7 3
5 -1
-4 0
-4 4
-2 -3
-7 2
-2 2
-3 -3
-4 5
0 5
-2 4
4 -1
-1 1
1 3
-2 5
-5 6
2 -4
6 -4
0 3
-7 4
1 2
-8 3
-9 3
2 2
-8 5
-8 4
2 3
-6 3
-3 3
-1 -4
-1 -1
-10 3
-11 4
-4 -3
2 4
-4 6
-4 -1
-8 6
-6 7
-6 4
1 -5
-8 7
1 -4
-3 2
-4 1
-3 5
2 1
-7 8
1 -6
5 0
-2 -1
-7 7
4 -4
-6 6
5 -5
-5 7
3 3
6 -5
-3 -4
-7 1
5 -6
-3 -1
1 5
-3 -5
-7 0
4 0
-5 -2
-3 -2
3 0
6 -6
-1 -2
1 4
-8 1
