0 0
-1 0
-2 0
-1 -1
-2 -1
-2 -2
-3 1
-4 2
0 1
-4 3
-3 0
-5 3
-3 -1
-1 -3
1 0
0 -4
0 -3
2 0
-3 2
2 -1
0 -2
-4 -1
-4 -2
-6 3
-5 4
-2 2
0 -1
-1 -2
3 -1
-4 -3
1 -4
0 2
-6 2
-3 -2
-1 -4
4 -2
-2 3
-6 1
0 -5
-5 -3
1 2
-4 0
1 -3
-5 2
-6 -2
4 -3
-7 2
-5 -4
3 -2
-7 4
-8 3
2 -2
5 -3
4 -1
0 3
-4 -5
-6 4
5 -4
-4 -4
-8 4
-2 1
-1 -5
-6 5
-6 0
0 -6
-5 -2
-2 -3
-7 5
4 -4
-4 -6
-4 4
6 -5
1 -1
-6 -4
1 -6
-7 1
0 -7
-3 -5
-5 5
2 -6
4 0
5 -2
-3 -7
4 1
-5 -5
-3 3
-7 -4
-8 -4
-7 0
-1 -7
-8 2
0 -8
-7 -3
3 -6
-5 -1
2 1
5 0
0 4
-5 6
1 -8
-7 -2
-4 -7
3 -4
6 -3
-8 -1
0 5
6 0
-8 -2
-1 6
3 -5
