0 0
-1 1
-1 2
-2 2
0 1
-3 2
1 -1
-3 3
0 -1
-3 4
2 -1
-2 4
-4 5
-2 3
1 -2
-1 4
1 1
0 3
0 -2
-4 3
3 -2
-2 1
-4 2
-1 -1
2 0
-1 5
0 -3
0 5
-1 3
1 2
-5 4
-6 5
-3 1
0 4
1 -4
-5 5
0 2
2 -3
3 -4
-2 0
-4 6
2 -2
2 1
-5 7
4 -5
2 2
3 2
-3 5
-2 5
-6 6
3 0
4 -3
-6 4
-5 6
-7 4
4 -2
-7 6
1 4
-3 0
3 -3
-6 8
-4 4
-8 4
2 4
-1 0
5 -3
-1 -3
-2 -3
4 1
4 -1
2 5
5 -1
3 5
4 4
-4 0
5 -4
-5 8
-5 9
-5 0
-6 3
4 -6
-9 5
2 6
2 -5
-6 10
5 -7
-5 -1
-4 1
3 3
-6 11
-9 4
6 -4
-2 -1
-1 6
3 -5
-7 11
-10 5
6 -5
5 1
3 1
-5 3
-7 9
-10 4
2 -6
-11 6
-4 7
3 -6
5 -5
-8 12
-11 4
-3 7
4 2
5 -2
-9 6
-10 6
-3 -1
-11 7
5 2
-4 -2
1 -3
