0 0
0 -1
0 -2
1 -2
-1 0
1 -3
1 -1
2 -1
3 -2
4 -2
5 -3
-1 -1
4 -1
0 1
6 -4
-2 -1
0 -3
-3 0
0 2
-3 -1
2 -3
-1 3
0 3
-4 1
-3 1
4 -3
3 -4
4 -5
-2 4
-2 3
3 -3
-1 1
-2 1
5 -6
2 -4
-5 1
1 2
-3 2
-4 2
-1 4
-5 3
7 -4
-6 2
0 4
-2 2
0 5
6 -5
-2 5
-2 0
1 5
-3 -2
2 4
-7 3
2 2
3 0
3 -5
-3 3
-8 4
2 -5
4 -6
0 -4
-1 -2
5 -2
1 -4
2 5
1 0
-4 3
3 1
-9 4
-5 4
1 3
6 -3
-6 5
-5 2
-3 -3
-6 3
3 3
-4 4
-4 5
3 2
-2 -2
5 -1
-3 4
-10 5
2 3
6 -2
3 -6
4 -4
-7 2
6 -1
5 0
-9 5
1 4
0 -5
-4 0
-2 -4
3 -7
3 4
-1 2
-9 6
5 1
8 -4
3 5
-5 6
-2 6
1 1
4 -8
-9 7
0 -6
9 -5
-9 3
-7 5
-6 7
3 6
10 -5
-11 5
4 5
-2 -5
-4 6
5 2
6 0
-8 5
-6 6
5 -5
7 -3
0 -7
3 -8
-11 6
-1 -3
-6 8
