0 0
1 -1
0 1
-1 2
2 -1
-2 3
2 -2
-1 1
3 -2
3 -1
-3 4
-4 5
3 -3
-1 0
4 -4
4 -5
5 -6
2 -3
2 0
3 0
4 -3
-2 2
4 0
4 -2
-3 3
0 -1
5 -7
6 -8
5 -3
0 -2
1 1
4 1
-5 5
1 0
2 1
-5 6
-4 4
3 2
0 2
-2 1
5 -8
4 -7
1 -2
6 -3
-4 3
-1 3
3 1
-3 2
4 2
3 -4
3 -5
2 2
7 -9
4 -8
5 0
2 3
4 -1
5 -4
5 -2
6 -9
2 4
1 -3
-6 6
1 2
2 -4
6 -7
6 -2
2 -5
7 -7
-2 4
3 4
-6 7
3 -6
7 -3
-2 0
6 -4
7 -6
6 -10
-5 7
1 4
7 -11
-5 3
-4 2
7 -8
3 3
-4 1
-3 0
3 -8
6 -1
0 5
4 -6
5 -9
3 5
-5 2
-6 8
-5 1
8 -4
5 1
9 -5
-6 9
8 -7
8 -6
0 4
3 -9
8 -3
4 4
-7 9
9 -8
10 -8
10 -6
-5 0
-8 10
2 -8
-9 11
7 -2
6 -6
-6 3
10 -7
-10 12
-4 6
10 -5
3 -10
6 -5
3 6
4 -10
7 -10
2 -6
-11 12
3 -7
11 -7
9 -4
11 -5
0 6
6 0
-9 10
2 5
-3 6
-1 6
-3 5
2 -10
