0 0
0 -1
-1 0
1 0
1 -2
1 1
0 2
-2 0
-2 -1
2 1
-2 1
1 2
3 1
-2 2
0 1
-2 3
-1 -1
-3 1
-3 -1
-4 2
1 -3
2 -3
-3 2
-4 0
-5 2
0 3
3 -3
4 -4
4 -5
4 -3
-1 4
1 -1
4 0
-1 -2
-5 0
-2 5
5 -1
0 -3
-4 3
0 -2
4 1
0 -4
-4 1
-3 3
-2 -2
-3 6
5 0
-5 -1
-2 4
5 -3
6 0
-1 -3
-2 -3
3 -4
1 -4
3 -5
-1 2
-5 4
2 -1
5 -6
-3 7
6 -7
5 1
7 -1
6 1
-3 -2
4 2
6 -1
7 1
4 -2
3 3
8 -1
-3 -3
-1 1
-6 4
5 -7
-4 6
-4 4
-5 3
-7 4
-3 0
9 -2
4 -7
-6 0
0 4
9 -3
-5 -2
-4 -1
8 0
7 0
4 -8
-7 5
-1 -4
6 -3
4 -9
3 -2
7 -4
-5 5
6 -6
-5 6
-1 -5
-3 4
-3 8
0 -6
3 -6
2 -2
9 -1
7 -2
-5 7
5 2
2 -4
-5 1
8 1
6 -4
5 -9
2 2
3 2
4 -6
-6 -2
2 0
6 -9
-6 1
8 -4
-6 2
10 -1
9 -4
1 -6
-2 -5
0 -7
7 -3
1 4
5 -2
3 -8
4 3
8 -2
1 -8
4 -1
0 5
11 -1
-6 5
-4 -2
2 -8
-7 2
-1 -6
12 -2
-8 3
-9 3
8 -3
7 -5
-1 -7
