0 0
0 -1
1 -1
-1 0
2 -1
-1 1
-2 2
2 0
-3 2
-1 -1
3 -2
-1 -2
0 -2
0 -3
1 -4
3 -1
1 -2
-3 3
2 -4
2 -2
-1 -3
-4 2
-5 3
4 -1
2 1
-3 1
3 -4
-2 0
-2 3
1 -3
-3 4
-3 5
5 -1
4 -5
-6 4
2 -5
-7 4
5 0
1 2
-2 1
1 1
5 -6
4 -4
1 3
1 0
5 -4
-8 4
-4 3
6 -4
5 -5
2 3
0 3
5 1
-5 4
6 -2
7 -5
-2 5
1 -5
7 -3
6 -5
3 -6
1 4
7 -6
-1 2
-7 5
8 -4
2 -6
-2 -2
-1 3
7 -2
-3 -1
6 1
2 2
2 -3
6 -7
-4 5
4 -2
6 -1
-2 6
-6 5
7 -7
-4 -1
0 2
-8 3
-4 -2
9 -4
0 -5
6 -8
-5 0
7 -9
8 -6
5 -3
5 -8
4 -3
5 -2
8 -9
8 -8
-8 2
9 -9
-8 6
9 -3
4 -6
6 2
8 -7
10 -4
-1 -5
-6 3
-5 2
-5 6
4 -8
-3 0
3 -5
3 3
6 3
7 -10
8 -5
3 4
3 -8
-1 4
-7 6
8 -11
-8 5
2 5
5 4
-6 0
-3 7
-2 -3
-5 -1
-1 -6
-7 0
10 -3
-4 6
-3 8
0 -6
-3 -2
10 -10
8 -10
-8 0
11 -5
9 -7
-5 7
3 -3
1 -7
-6 -1
-2 8
4 1
9 -5
-1 8
1 -8
12 -6
-9 3
7 -11
6 -11
7 -1
-1 -4
-2 -4
-3 9
-2 4
1 5
7 3
11 -11
-9 6
4 3
10 -2
7 -12
-4 4
9 -12
-9 7
-1 5
-3 10
-7 2
7 -13
11 -4
-10 4
0 -8
12 -11
-1 7
5 -9
3 0
7 0
-11 4
6 -3
-10 7
1 6
-11 3
5 2
11 -6
8 3
2 -9
2 -10
2 -11
-4 -3
-8 1
5 -7
-12 4
-7 3
10 -9
8 -14
-6 6
-11 2
