0 0
1 0
-1 1
-2 2
-1 2
-2 3
0 1
0 -1
-3 3
1 -2
0 2
-1 -1
0 -2
-3 4
-4 4
-1 -2
0 3
1 3
1 4
-2 -1
1 5
1 2
2 -1
-4 5
2 -2
-2 1
-2 -2
3 -3
-3 1
2 3
-4 2
0 4
-3 0
-1 -3
-1 0
2 2
1 6
-2 -3
-3 -2
-1 5
1 -1
-2 5
3 -2
-5 5
-5 4
-6 5
-5 2
3 2
-3 -1
2 1
-4 0
-4 6
-1 -4
-1 6
-4 7
1 1
-5 7
2 6
-5 1
4 -4
3 3
0 5
3 5
3 0
-3 -3
-6 8
2 -3
-4 1
-4 8
-2 7
-3 7
4 -3
-4 -3
1 7
-3 2
-4 -2
0 6
-1 3
-3 -4
-3 5
5 -4
-6 7
-7 5
0 -5
4 -2
-8 5
1 8
4 1
-7 4
4 4
-8 4
-4 3
0 -6
0 -3
-2 -4
-2 6
3 1
-8 6
3 -4
1 -6
0 -4
-2 8
-7 6
2 4
-7 8
-2 0
-1 -5
3 6
-1 8
-9 6
3 7
3 8
-1 9
-5 9
6 -5
-5 3
4 -1
-1 7
-4 -1
-5 0
0 9
-3 6
5 -3
0 7
-2 10
2 -7
3 4
2 5
-4 -4
4 2
0 10
1 -3
-8 8
2 -6
-6 4
-6 9
3 -1
-2 4
-10 7
-6 3
-7 9
3 -8
4 -9
5 3
5 -10
4 6
-9 9
-2 -5
6 -6
3 -7
-5 -4
7 -7
-1 11
6 3
-7 10
4 8
6 -10
2 -5
4 3
-1 12
4 0
1 -4
-10 9
5 4
-3 8
4 5
-5 -2
5 -6
-6 0
-11 8
0 11
-6 -3
-5 10
1 -7
0 12
3 -9
7 -6
7 -10
-3 10
5 1
-9 4
-10 5
5 -7
-8 11
5 -5
-7 0
-5 -1
-10 4
-5 6
-6 -2
4 -7
6 4
-5 -3
-8 7
6 5
-7 -1
-12 9
-11 9
1 12
6 6
-7 3
-12 10
-11 7
1 11
-5 8
4 -8
-13 10
1 13
2 -4
-9 3
0 8
-8 1
3 9
-4 -5
5 -9
-11 4
1 14
-12 11
-12 7
6 0
4 -6
-3 11
-7 -2
-6 11
-2 12
-8 9
-12 12
7 -1
8 -2
-12 8
-10 10
5 5
-7 1
-14 11
-2 13
5 8
-2 9
7 4
2 0
-14 10
7 3
-14 9
5 -2
-4 -6
7 -2
-9 1
-8 10
-3 -6
7 0
-9 12
5 6
6 1
-9 2
-13 13
8 2
-14 8
4 9
-3 13
2 7
-5 11
2 9
2 -9
4 -10
1 -8
-6 1
5 9
6 7
7 -8
-7 11
2 14
-6 -1
2 -8
5 -1
-4 11
-8 2
0 13
1 -9
8 -10
-10 6
5 -8
-3 9
-8 -2
-7 2
6 -11
-13 9
-1 -6
-13 14
1 -5
-4 9
-2 -6
9 -3
-1 -7
-11 10
1 15
3 -6
-14 14
3 14
-6 10
-3 -5
7 -12
