0 0
-1 1
-1 2
1 -1
-2 3
0 2
-1 3
2 -2
0 -1
0 3
-3 4
0 -2
1 -3
3 -2
4 -3
-4 5
3 -3
-1 -2
1 -4
3 -4
2 -5
0 -3
-4 4
2 -4
1 -2
4 -4
-2 -1
3 -5
-2 1
4 -6
5 -5
3 -6
5 -4
6 -6
6 -4
7 -6
0 1
-1 -3
7 -4
-4 6
-5 6
4 -7
-3 0
-1 -4
-3 5
-6 7
6 -5
5 -8
1 2
-7 8
4 -8
5 -3
-4 0
2 2
-4 7
-7 7
-1 -1
-4 3
6 -3
4 -9
8 -4
3 -7
-6 6
-3 1
-7 9
8 -5
5 -2
-3 -1
-4 8
-6 5
8 -3
-3 7
2 -6
-1 -5
-8 10
-2 -2
7 -3
-9 10
-1 -6
9 -6
-10 11
1 -5
-3 3
0 -5
3 -1
-2 2
5 -1
0 -4
4 -10
-3 -2
6 -9
0 -6
9 -4
-1 -7
-2 4
-8 7
-5 3
-10 12
-5 0
3 2
-5 9
5 -7
-5 10
-6 10
-3 -3
-6 0
4 -1
-8 6
4 -2
-7 1
10 -5
-9 11
-10 13
4 2
-2 -4
-9 13
-4 10
-3 9
11 -5
-9 14
7 -5
6 -2
-8 12
7 -2
4 0
-6 4
2 -7
1 3
-7 11
-11 13
-5 11
-7 0
-7 6
2 -1
-1 -8
-8 14
1 -7
5 -9
5 -11
-6 8
-1 0
-4 2
-6 12
-4 -3
-11 11
-7 4
-8 1
-12 12
5 0
12 -5
5 -10
13 -6
-2 -5
-9 8
-7 2
7 -10
-7 10
-9 12
5 -6
-9 15
12 -4
-5 4
7 -11
-8 8
-5 -1
-10 15
-7 12
-7 -1
1 0
-11 16
7 -7
-9 6
-5 8
-3 10
14 -6
-10 10
13 -4
-10 7
-11 8
-6 13
-9 2
10 -4
-2 -3
8 -7
2 1
7 -9
3 -8
5 -12
-10 2
4 1
11 -3
-2 10
8 -8
-2 6
3 0
-7 13
-11 2
8 -10
-13 13
-12 16
-2 5
7 -8
-7 3
-12 15
-13 17
9 -9
11 -6
-5 -2
-4 11
-11 15
-2 0
-10 8
-3 2
-11 9
11 -7
6 -10
9 -10
-9 5
-1 5
-12 3
8 -9
-14 14
6 0
15 -7
-5 2
-2 11
-1 6
10 -9
1 -8
-8 11
10 -10
4 -11
3 -9
6 -12
5 1
7 -12
-5 1
11 -11
-12 8
-12 13
10 -6
-10 3
-1 10
-12 9
-8 5
2 0
-11 17
-2 9
16 -7
9 -11
-5 -3
17 -8
-2 -8
12 -11
0 -7
-8 2
1 4
-6 -2
-8 15
17 -7
13 -7
-6 -1
11 -10
-8 9
-10 1
12 -7
-3 12
-3 -5
-4 -4
-13 3
9 -8
-3 -8
-14 3
-9 0
-8 4
-9 3
0 6
8 -6
-13 14
1 -6
-13 15
16 -8
4 3
16 -6
-12 18
-11 4
8 -13
-11 18
8 -2
-3 13
-11 14
-4 13
-10 16
-2 13
-14 15
-1 11
-12 17
4 -12
1 5
-1 4
