0 0
1 0
-1 1
0 1
0 2
1 1
2 -1
-1 3
1 -1
2 0
-2 2
-2 4
0 3
-2 3
3 -2
2 1
3 -1
4 -1
-1 4
-3 2
4 0
-1 5
-3 1
0 -1
2 2
-4 3
1 -2
-4 4
4 -2
-4 5
5 -2
-1 6
-3 5
1 3
-2 5
-3 4
-1 0
-2 0
3 2
-2 6
3 3
2 -3
-2 -1
-3 0
-4 1
4 1
3 4
6 -3
2 -4
2 3
0 -2
0 -3
-5 3
-1 -1
7 -3
4 3
-2 7
4 2
-2 8
7 -2
0 -4
3 -3
-6 4
8 -3
5 3
6 -1
5 0
-2 9
-5 2
4 4
4 -4
-3 9
8 -4
-1 -2
9 -3
-5 5
-7 5
4 -3
5 -3
-6 3
10 -3
-1 8
-3 8
5 2
11 -4
-4 6
8 -2
2 -5
1 -5
-1 -4
2 4
-3 7
-2 1
5 -4
9 -4
5 4
-1 7
-7 4
-3 -1
-5 4
3 -4
6 -4
-2 -2
10 -2
-6 5
0 7
2 5
-1 9
1 4
5 -5
10 -1
-4 -1
7 -5
-4 -2
-7 6
4 -5
1 7
3 -5
3 -6
7 -6
6 -6
8 -5
3 5
2 -6
2 7
6 3
7 -4
-8 7
-8 4
12 -5
4 -7
-8 5
7 3
13 -5
-1 -5
-7 7
6 -7
-3 6
-4 -3
-3 3
10 0
-4 8
9 -1
1 2
10 1
9 1
5 -7
3 -7
1 5
10 -4
10 2
8 0
9 3
-8 8
-5 -2
9 -6
-5 7
-4 9
8 -7
7 4
-6 8
13 -4
-6 2
8 -1
14 -5
1 -4
9 2
0 8
-5 6
15 -5
-6 6
7 5
-5 0
6 -2
-1 2
0 -5
0 9
14 -6
7 -1
6 5
-3 -2
-8 3
7 2
9 -5
8 4
12 -6
-3 10
7 1
1 6
11 1
-4 2
-4 -4
9 -7
15 -7
-2 -5
-7 9
11 2
6 -5
-6 1
-6 9
8 -8
16 -5
12 0
5 -6
16 -4
-7 1
16 -7
12 -7
8 -9
12 -4
-9 4
16 -6
-4 0
17 -4
-2 -6
-5 10
11 -1
16 -8
-10 5
15 -3
0 -6
10 -5
11 -7
-5 -1
9 -8
-1 10
9 0
1 8
15 -2
17 -8
-7 0
4 5
-6 7
3 1
-10 6
12 -2
14 -3
15 -6
5 -8
15 -1
-9 6
18 -5
16 -1
-1 -7
4 -8
-7 3
12 2
12 3
18 -6
13 -2
-6 -2
1 9
-8 6
8 2
19 -5
11 -3
17 -1
7 -9
12 -3
17 -7
11 0
0 10
-5 9
19 -6
4 6
-5 8
5 5
6 1
3 7
7 0
13 2
13 3
-9 5
-3 -4
13 -7
2 8
20 -6
9 4
4 7
-2 10
11 -5
21 -7
-7 -1
13 0
-3 -5
11 -2
-2 -4
1 -7
13 4
12 1
-3 11
14 3
-1 11
18 -2
0 4
5 -1
-1 -8
4 8
17 -3
17 -6
