0 0
-1 0
1 0
-2 1
0 -1
1 1
-2 2
2 0
-1 -1
1 -2
1 2
-3 1
3 0
-2 -1
2 -1
3 -1
-1 1
-3 2
4 0
-3 -1
-2 0
-1 -2
0 -3
1 3
4 1
2 -2
4 2
0 1
5 -1
2 -3
6 -2
4 3
1 4
1 -4
2 -5
6 -1
7 -3
8 -4
2 3
-2 -2
6 0
1 -5
8 -5
-4 2
-2 -3
-2 -4
0 -4
-4 -1
0 2
6 -3
-2 -5
-5 -1
2 -6
7 -4
3 -6
4 -1
4 4
0 -2
-5 2
7 -2
6 -4
-5 1
5 3
-3 0
3 3
3 -5
5 -3
-3 -5
8 -2
-6 2
-7 3
-1 -3
-3 -3
-2 3
2 2
-4 -3
-4 -4
-4 3
1 -3
4 5
5 0
3 2
9 -3
2 -7
-1 -5
-3 -6
7 0
2 4
7 -5
4 -5
-1 3
6 -5
-8 4
-4 -2
8 -3
-5 -3
3 5
1 -1
-5 -2
9 -5
3 -7
6 3
0 5
0 -5
0 6
4 -6
0 3
9 -4
9 -6
-2 -6
-5 4
5 5
-5 5
-6 5
6 2
3 1
-4 4
-7 6
4 6
6 5
-1 2
4 -2
3 4
7 4
7 -1
-7 2
1 5
-6 -3
1 -7
4 -7
5 6
8 4
0 4
8 0
5 -6
10 -4
-6 -2
3 -4
-9 4
-2 -7
6 1
6 -7
-10 5
8 -1
10 -5
-7 -3
11 -4
-7 -1
5 1
-1 4
3 -2
5 -7
-5 -4
-7 5
-8 6
-6 4
9 0
12 -4
12 -3
12 -2
7 -7
-6 0
-3 -2
6 4
-4 0
7 5
-3 3
2 1
7 -8
-11 6
8 -7
6 -6
8 3
5 -8
12 -1
12 -5
5 7
0 -6
-8 -2
7 2
4 -4
5 -2
3 6
4 -3
-11 5
11 -1
-9 -1
-10 -1
1 6
-8 0
9 -8
1 7
8 2
10 -9
5 2
-6 1
-1 6
-5 -5
-3 4
10 0
-8 7
8 -6
-10 0
9 -1
-7 7
5 -9
4 7
12 0
-11 -1
7 -6
7 6
11 -5
-6 6
-2 6
9 2
0 7
5 -4
6 7
-11 -2
6 -9
8 -8
4 8
9 4
13 -3
10 -8
10 3
-3 -7
-9 7
-1 7
9 -2
2 7
4 -8
-7 8
11 -6
-8 1
-8 5
10 4
-12 -1
-2 5
-13 -1
11 -10
-9 1
12 -7
-5 0
-2 7
-11 7
-2 -8
-12 0
-10 4
3 -3
-1 -7
-14 0
13 -6
12 -8
-4 1
1 -6
14 -4
14 -3
-4 -5
-13 -2
7 1
-14 -2
15 -5
-1 -6
-7 -4
-9 8
-3 -4
7 -10
5 4
11 -7
-2 -9
-10 -2
10 5
-4 5
10 1
2 8
10 6
1 9
16 -6
16 -7
-10 8
-5 -6
9 -9
-15 -2
-9 2
-7 -5
-6 -4
-6 8
-8 2
3 -8
-2 4
-6 7
15 -6
3 9
-1 -9
-14 1
-16 -1
-7 0
-10 7
-4 6
-17 0
-4 7
12 -6
2 9
-13 1
6 -8
-13 0
-6 -6
-6 -5
11 -3
11 -2
-4 -7
-3 5
-13 -3
-8 -1
9 3
10 2
-15 -1
12 -11
-9 0
14 -6
5 -10
3 7
7 -9
-10 9
-11 1
10 -10
-12 7
4 9
11 4
-5 3
-12 2
12 3
-12 5
-7 4
9 -10
-12 -4
-7 1
10 -3
-7 -6
-9 -2
2 5
15 -3
-12 -2
2 -4
-9 -3
10 -6
7 -11
2 6
14 -2
7 3
4 -9
1 10
-13 -4
8 -9
-9 9
-11 10
13 0
2 10
-10 -3
13 -7
8 -11
9 7
8 8
-6 3
13 -2
6 -10
16 -5
-15 -3
-11 -3
-3 -8
-9 -4
8 1
0 11
-12 1
-1 5
8 6
-8 3
-10 6
12 -9
9 5
12 1
-14 -3
11 2
-14 -4
13 -8
9 -12
-10 2
-5 7
-1 -4
-1 -8
3 10
9 1
-14 -5
9 6
-8 8
10 -11
9 -11
17 -6
18 -7
