0 0
1 -1
0 1
1 0
0 -1
-1 1
1 -2
-1 0
2 -2
1 1
1 2
0 2
-1 3
3 -3
-2 0
0 3
0 4
2 -3
-2 4
-1 2
2 -1
1 3
-2 5
-2 2
0 -2
-2 6
0 5
-1 4
2 2
2 3
3 2
-3 7
2 -4
2 1
-1 -2
3 1
-2 -2
-3 4
-2 -1
-2 7
-3 -2
-3 5
3 -2
4 -3
1 -4
4 2
4 -4
-4 7
-2 1
0 -3
0 6
5 1
1 -3
-5 7
1 4
4 -5
3 -1
-1 -1
0 7
4 -1
5 -5
-1 8
1 7
-2 9
4 -6
-4 4
-5 4
3 -5
-4 5
-5 5
6 -5
2 6
6 -4
-3 9
3 -4
7 -5
5 -7
-5 3
2 4
5 -4
5 2
6 -3
5 -8
5 -9
-6 8
5 -6
-6 3
8 -5
3 0
-2 -3
6 -8
4 -7
-3 1
-1 -4
2 0
5 -10
7 -3
0 -4
6 -10
7 -11
7 -6
-3 8
7 -7
-6 5
-7 4
-5 2
6 -7
-6 9
6 0
-1 -5
5 -2
1 8
4 3
8 -8
-1 6
-1 7
8 -9
-7 9
6 1
1 5
4 -8
-2 8
4 -10
4 -9
-4 -1
-1 9
-2 -5
-5 6
-4 3
-6 2
6 -9
8 -6
8 -4
-6 1
5 3
-7 6
3 -9
0 9
5 0
8 -12
3 4
-6 6
-5 8
7 -2
3 -10
-3 0
-8 5
-9 5
-10 6
-1 -3
9 -6
5 -1
2 8
7 -8
9 -4
6 -2
-7 8
-1 5
-9 6
-8 9
3 5
7 -12
5 -3
6 -12
6 -1
9 -8
4 -11
-4 9
6 -6
7 -10
8 -7
-7 7
10 -6
-3 -1
-6 10
10 -4
-3 10
10 -8
-7 3
-8 3
9 -13
4 5
1 6
-3 2
7 -1
-6 0
7 0
-9 9
8 -1
6 -11
9 -3
-1 -6
-8 8
10 -5
-7 2
9 -5
-11 6
11 -8
-12 7
9 -7
-1 -7
-7 5
-7 10
0 -7
5 5
0 8
4 0
11 -9
-7 1
-8 1
9 -9
-6 4
3 -6
-2 -4
-8 0
11 -4
2 7
12 -10
9 -14
0 -5
-8 7
-10 10
10 -7
10 -15
1 9
-9 7
8 -2
8 -3
4 4
3 -7
-9 0
10 -16
-3 6
-3 3
-10 1
6 2
-9 -1
8 -13
10 -17
-9 1
8 -10
11 -3
-8 2
3 -8
10 -14
13 -10
14 -11
9 -10
6 3
-10 9
7 -9
1 -7
11 -14
1 -5
-10 0
4 -2
14 -10
10 -18
-10 8
7 1
-11 9
13 -9
-12 6
-4 10
-11 1
-13 7
9 -2
-7 11
10 -13
-5 1
-5 9
-11 7
11 -6
-4 0
-11 8
12 -3
-12 1
-9 10
-13 6
4 1
2 -9
2 9
-3 11
-10 -1
-8 4
-5 11
-6 7
13 -8
-4 6
-13 2
5 6
8 1
7 -13
9 -17
-2 10
-8 6
9 -12
3 3
2 10
-7 -1
-4 12
11 -10
-5 10
-4 13
2 -6
-5 14
13 -3
-6 -2
-10 7
-12 8
8 -17
6 5
-13 5
12 -14
4 6
-3 -4
-8 -1
-8 10
12 -6
1 -8
-10 -2
-7 -2
2 -7
15 -10
10 -19
-2 3
11 -2
-11 0
-5 12
2 -10
2 11
10 -9
2 5
11 -19
12 -20
-3 13
7 -4
-12 0
-4 11
13 -15
13 -21
-10 11
-5 0
7 2
-9 2
3 6
12 -9
-4 -3
6 -13
11 -17
-13 1
-12 2
13 -7
-7 -3
3 9
14 -9
1 -10
11 -18
14 -7
9 -1
-5 -1
16 -10
-14 3
2 -8
-12 10
4 9
-10 12
-9 12
-10 -3
9 -16
-2 -6
15 -11
-6 14
7 -14
11 -11
8 -14
-5 13
-10 3
10 -20
13 -2
11 -20
5 7
-14 7
1 -11
-1 10
-11 -2
13 -1
14 -22
1 -12
-4 14
6 6
11 -5
-6 15
14 -3
14 -6
-7 15
-11 5
-5 -3
2 -13
9 -15
