0 0
0 -1
0 1
1 0
-1 1
1 -1
1 -2
2 -3
-1 -1
3 -3
-2 -1
0 -2
-1 2
4 -4
-1 3
2 -4
-2 1
-1 -2
-1 -3
-1 4
0 -3
2 -5
-2 -3
4 -5
1 -3
2 -1
-2 2
-3 3
0 2
-2 4
0 -4
-1 0
1 -4
2 -6
5 -5
3 -1
-4 3
3 0
1 2
-2 0
3 -6
-3 5
-3 -2
2 2
-4 2
4 -7
-2 -4
3 1
-3 -3
-2 3
-3 4
-3 -1
5 -8
0 3
-4 4
-3 6
-1 5
-3 7
6 -9
5 -9
2 -2
-5 3
-4 6
-4 5
5 -6
-1 6
-4 -2
-5 7
4 -9
4 -1
2 0
-4 -1
4 1
3 -7
4 2
-5 2
-3 8
-2 -2
-4 0
-5 5
1 -5
-2 8
-4 1
2 3
6 -8
7 -10
5 -7
3 -2
5 0
7 -9
-4 7
-4 9
-1 -4
4 -10
-3 2
-2 7
8 -9
5 -1
3 -9
6 -2
5 -11
6 -11
4 -11
-2 5
-5 10
3 3
1 -6
7 -3
6 -7
-1 -5
2 -9
-4 10
-1 8
6 -12
-3 0
3 -8
-5 1
4 -2
3 -5
5 -3
0 -6
7 -2
4 -8
-5 0
2 -10
5 -10
-6 3
7 -4
2 -8
8 -5
8 -2
6 0
2 1
-6 4
-7 5
8 -1
0 5
-7 4
6 -5
1 -9
-6 6
-8 6
-1 -6
8 -6
-7 3
7 -11
-4 -3
6 -4
4 0
3 -4
2 -11
6 -1
0 6
9 -3
0 -9
-5 4
-6 1
-8 3
-6 0
8 -11
-1 -9
-2 -6
-3 -5
9 -11
-9 6
8 -8
10 -4
8 -10
5 -4
3 4
-5 6
8 -4
9 -8
-6 8
7 -7
10 -12
-5 -3
0 -10
-6 5
5 2
-4 8
-3 10
-2 -9
7 0
-3 9
7 -1
9 -9
2 5
8 0
2 4
-3 -4
-6 11
-9 3
-3 -9
0 7
-9 7
-2 9
-6 2
-10 8
-4 -5
10 -13
7 -12
9 -2
-6 12
9 0
-4 -6
-5 11
1 6
-5 -6
-6 -6
9 -12
3 -12
-8 5
-7 13
11 -13
-5 12
-5 -4
2 -7
-11 9
-12 10
0 4
7 -13
-6 -4
-5 -1
10 -14
-7 14
-1 -10
3 -11
-13 11
0 -7
-7 -4
-6 10
8 -14
10 -3
-5 -5
-7 11
-6 -7
-7 0
-8 1
8 -12
0 -5
-6 -3
0 -8
-7 -6
-11 8
5 3
-6 7
11 -3
5 -12
9 -15
-13 10
10 -5
-13 9
9 1
-2 -8
-8 11
-7 -7
-1 -11
9 2
1 7
-10 4
7 -14
-6 14
11 -14
10 -6
-6 -5
-12 8
4 3
-1 9
10 -9
6 -3
10 -10
8 -3
5 4
12 -4
0 8
-14 12
3 -10
7 -8
-4 -9
-7 9
-10 9
-2 -7
-2 -5
9 -14
-4 -7
8 -15
-4 11
-8 10
-15 12
10 -8
8 -7
10 -2
-8 -7
6 3
9 -13
8 3
-8 2
2 -12
-7 10
9 -5
-7 -3
5 1
7 2
-6 9
-8 9
-12 7
7 -5
-10 6
6 -13
-5 -7
-9 5
13 -5
11 -4
6 2
-14 11
-15 11
-6 -2
-8 15
-1 -12
14 -5
-13 12
-6 15
2 6
-4 -10
-9 12
-8 14
8 2
3 -13
9 -6
-9 13
-7 12
7 3
-4 12
14 -6
-16 13
-7 -5
10 -15
9 -7
1 -12
-6 13
-1 7
11 -5
11 -6
2 7
-3 -6
11 -15
-17 14
4 4
6 -10
12 -13
-9 2
-9 11
-7 8
-5 -8
-16 11
-18 14
14 -7
1 -10
-9 9
-9 16
-1 -13
15 -7
-3 -8
-7 -2
-9 1
-8 13
-9 10
-10 5
-11 5
12 -15
11 -7
4 -14
-8 -3
-10 11
5 -2
1 -11
-11 6
-10 12
3 6
0 9
-13 7
-4 13
-8 0
11 -9
-8 7
-8 -4
-10 14
-13 8
15 -5
13 -7
13 -13
8 -16
-10 13
-7 15
11 -8
-17 13
1 -8
-6 16
5 -14
-5 8
-4 -11
-6 -8
7 -15
-1 10
1 -7
1 4
-7 2
-5 -11
-8 -1
0 -13
-9 17
1 9
-10 3
-3 -7
-9 -4
3 7
-12 12
-1 -8
-2 11
-10 17
-11 3
1 3
-3 11
3 8
0 10
-11 13
4 -3
-11 2
1 1
4 8
13 -4
-15 10
-8 -5
9 3
13 -16
5 -15
-17 15
1 -13
-10 -3
-5 -12
-13 6
13 -14
-4 -12
-15 13
0 11
12 -16
-11 1
6 4
10 -7
-7 7
5 -13
-10 -4
-10 15
-7 -1
10 -1
12 -3
14 -15
-19 14
-4 14
10 0
-4 -4
11 -10
5 5
3 5
-2 6
-14 6
14 -16
12 -6
10 2
16 -8
-11 14
-3 13
-11 -2
12 -9
1 8
16 -6
10 1
-11 -3
-8 12
-9 -5
-9 4
11 -12
16 -5
-5 -9
-2 -11
-13 5
4 -6
-9 14
-11 15
-12 5
12 -10
8 1
-7 1
3 2
11 -2
2 -13
-10 1
-14 9
10 -16
