0 0
0 -1
1 0
-1 -1
-1 0
0 -2
2 -1
2 0
-2 -1
0 1
2 1
-1 -2
1 -3
-2 0
-1 -3
1 -1
-2 1
-1 1
1 -4
0 -3
2 -2
-2 -3
2 -5
3 -6
0 2
3 0
1 -5
-2 -4
3 -1
4 -2
-3 2
2 2
1 1
-3 -4
0 3
-3 1
-4 -3
3 1
-3 -2
4 -1
-4 3
3 -2
-2 2
1 2
-3 3
-5 -2
4 0
4 -7
1 -6
-1 4
3 -3
-6 -1
5 0
1 3
5 -3
5 -1
0 -5
5 1
3 -4
2 -4
3 2
5 -2
-1 2
2 3
-2 5
1 4
-4 2
2 -7
-4 -1
-3 0
-3 5
5 -8
5 -7
6 -2
7 -2
6 -7
2 4
-3 4
7 -8
4 -3
8 -2
4 2
0 5
-2 -2
6 -8
4 1
-6 -2
2 -6
2 -3
-4 -2
0 -4
6 -6
2 5
7 -7
0 4
9 -3
0 -6
6 -1
-1 5
4 -8
10 -3
1 -7
3 4
-7 0
6 0
-1 -5
8 -1
-5 -1
11 -4
-2 -5
-5 -3
7 0
6 -4
4 4
-3 -1
-4 0
-2 3
3 3
6 1
-3 -3
8 -8
-1 -4
4 -9
4 3
-2 6
-2 4
-4 4
5 -9
3 -8
-1 6
-2 -6
1 5
6 2
1 -8
-3 -6
-3 7
9 -9
7 -6
4 5
7 -3
7 -9
-1 7
-6 0
0 7
-3 -7
3 6
-4 1
8 -4
0 6
6 -9
-7 -2
-2 -7
8 -10
4 -4
-1 -7
-4 -4
-1 8
8 -6
0 -8
2 -9
3 -7
-4 8
-4 6
10 -10
8 0
9 0
2 -8
-2 7
1 7
3 -5
-1 9
-2 8
9 -1
-5 2
9 -8
9 -7
-3 -5
-8 0
-6 3
-1 3
-5 0
0 8
-5 5
7 -4
7 2
1 6
-3 9
12 -4
-6 6
-7 -1
-5 9
-3 10
0 9
-5 1
-4 5
0 10
0 -7
-2 9
-5 7
9 -10
7 -10
13 -5
-3 -8
-3 6
7 1
9 -6
14 -6
-2 -8
5 3
-5 4
9 -2
4 -6
-3 11
13 -6
12 -5
1 -9
-8 1
1 -2
4 6
8 -11
7 3
8 -12
5 6
-7 3
-8 -2
-8 4
15 -7
8 -9
-4 9
10 -7
9 1
11 -3
9 -12
8 2
-2 10
10 -12
1 10
16 -7
-1 11
-4 -5
-9 2
10 -6
4 -5
3 5
7 -5
1 -10
6 -5
5 -10
-5 -4
6 5
1 9
2 -10
14 -5
11 -5
16 -6
10 0
5 -11
1 8
10 -11
-6 7
8 3
-10 3
3 7
11 -12
10 -1
-8 -1
5 -6
1 -11
-7 7
2 9
-5 10
-2 11
-7 -3
12 -13
-10 2
5 4
6 -12
15 -6
11 0
2 7
3 -9
1 11
2 8
0 -9
-9 4
11 -10
5 -5
-9 5
-5 3
11 -7
7 -13
16 -8
12 -1
-8 7
-7 8
-6 2
4 -11
-8 6
4 -12
13 -14
5 2
-3 8
-1 10
1 -12
4 7
6 -3
0 -10
-8 9
11 -6
0 -11
1 -13
6 -13
-1 -10
-4 -7
7 4
-1 -8
6 3
-9 6
11 1
3 -11
12 -7
-6 8
-9 9
3 8
7 -14
12 -8
9 2
17 -8
5 5
-6 9
6 -10
13 -2
12 -9
-7 10
8 -15
13 -1
7 5
-8 8
-5 11
16 -5
-10 10
2 6
-5 12
-11 10
3 -10
12 -6
-6 10
18 -8
-6 4
15 -5
-10 5
-9 1
-10 1
11 -9
-9 7
16 -9
10 -8
-7 9
2 -13
-8 3
13 -15
8 -14
12 -3
-9 0
8 -3
7 -12
11 -2
14 -7
12 -15
12 1
13 -16
13 -7
11 -14
-4 -6
9 -16
-10 9
16 -10
11 2
-5 -7
15 -9
0 -13
-7 6
-9 -2
14 -15
13 -9
4 8
9 -11
17 -6
13 -4
9 -5
-4 -8
10 -13
0 11
10 1
-9 -3
6 -14
12 -11
19 -8
9 -4
19 -9
-1 12
12 -12
7 6
-1 -12
-6 5
17 -5
13 -17
-8 -4
10 -16
19 -7
-11 11
10 -4
-4 10
14 -1
14 -18
20 -9
11 -13
14 -17
15 -8
10 -14
-5 13
5 -14
15 -4
13 -8
18 -5
14 -2
-12 11
15 -15
14 -19
15 -16
9 -13
-8 11
-11 4
-7 -4
2 11
10 3
-10 -1
-8 2
-7 5
3 10
-11 0
10 -2
8 -16
-12 10
-4 7
15 -14
17 -4
-6 12
-9 8
16 -11
-4 -9
18 -9
8 4
-5 6
8 -7
-13 11
15 -2
1 12
13 0
16 -2
-6 -7
-7 -6
0 -14
-6 -5
8 6
9 6
10 2
3 11
18 -7
-3 12
-5 -5
-9 10
-7 -5
18 -10
-1 13
-2 -10
-11 2
10 -9
12 -2
-2 -12
17 -9
14 -4
12 -16
5 7
-14 11
10 -5
-8 10
4 9
-4 11
8 -17
-3 -12
-3 -10
14 0
4 -14
-7 11
-10 -2
9 4
16 -3
-11 9
-9 12
