0 0
-1 0
-2 1
1 -1
-1 -1
1 -2
0 -1
-2 -1
2 -2
3 -3
1 -3
-2 -2
0 -3
-3 1
-2 0
1 -4
0 -2
2 -4
-1 1
-3 -2
4 -4
0 -4
5 -4
-4 -2
3 -4
-4 -3
6 -5
3 -5
-1 2
-3 -1
-4 1
-2 2
2 -1
-5 -1
-5 -3
-6 0
-1 3
-3 0
-6 -3
4 -5
1 0
-7 -3
-4 0
6 -4
5 -3
1 1
-5 2
0 1
-1 -3
-4 -1
-4 -4
-6 -4
3 -2
5 -6
-2 3
2 -3
-5 3
-3 2
6 -6
-1 -2
3 -1
0 -5
-7 -4
-5 0
4 -2
1 -6
-7 0
1 2
-1 -5
0 3
1 -5
4 -6
-8 1
2 -6
-5 -4
5 -7
-6 2
-3 4
-9 1
-7 3
-7 -2
1 3
6 -7
7 -4
8 -5
3 -6
-2 -4
1 -7
-5 1
-1 -4
-5 -5
0 2
3 0
8 -4
4 -3
9 -5
-6 4
-3 -3
8 -3
-3 -4