0 0
-1 1
0 -1
1 -2
2 -3
2 -2
1 0
2 -4
2 -5
-2 2
1 -1
-3 2
1 -4
2 -6
-2 1
2 -7
3 -7
3 -4
1 1
2 0
-4 3
3 -6
-3 1
-1 -1
-2 3
0 -3
1 -7
1 -3
4 -4
-5 4
-5 3
3 -8
0 -2
2 -8
0 -7
0 1
1 -5
-3 3
5 -4
1 -6
-2 0
1 2
0 -8
3 -1
-1 2
-1 -6
1 -9
0 3
4 -9
0 -4
5 -10
-1 4
-6 4
4 -2
-4 2
-1 0
0 2
3 -9
-1 -2
-1 -8
0 -5
-2 -1
5 -2
5 -3
4 -10
-3 0
4 -5
2 -9
3 -2
2 -10
-5 2
1 -8
-1 -3
6 -4
-4 1
-1 5
-1 -4
4 -7
3 -5
-5 5
-2 -4
4 -6
-5 1
6 -2
4 -3
-1 6
2 2
5 -1
-2 -5
-1 3
6 -3
5 -7
3 -10
-4 5
-1 7
1 3
-2 -3
-3 4
2 3
-2 -6