0 0
1 0
2 -1
2 -2
3 -3
2 -3
3 -1
1 -3
1 -4
1 1
4 -2
0 -4
4 -1
4 -3
1 -5
5 -2
4 -4
-1 -4
0 1
1 -6
1 -1
5 -5
0 2
-1 1
-2 -4
0 -1
2 -6
6 -3
6 -4
3 -2
-2 -3
6 -2
6 -5
2 0
5 -1
2 -5
5 -6
4 -5
-1 -3
-1 -5
-2 2
-2 -2
2 -7
-1 -6
0 -3
3 -7
4 0
0 -6
-1 2
7 -2
7 -3
0 -7
6 -6
-2 -1
-2 0
8 -2
-3 2
6 -1
-3 -1
4 -7
-2 1
0 -8
7 -5
-4 0
9 -2
-1 -7
-2 3
2 -8
-2 -7
8 -4
-3 -6
2 -4
-3 -2
1 -7
7 -6
1 -9
3 1
6 -7
3 2
10 -3
-3 -3
-5 0
4 -6
1 2
2 1
9 -5
0 -5
4 -8
6 0
8 -7
5 0
4 1
-1 -2
-4 1
11 -3
10 -4
9 -4
-2 4
-1 0
6 -8