0 0
-1 0
1 0
-2 0
0 -1
0 1
-1 1
-1 2
-3 0
-4 1
-1 -1
-2 1
-3 1
-1 -2
1 1
-3 -1
-3 -2
-1 3
-2 4
0 -2
-2 -2
-3 5
0 2
-5 1
1 -2
-6 1
-3 2
-3 6
-3 -3
-1 -3
0 -4
-5 2
2 0
2 -3
-3 4
-6 0
-4 6
-7 2
2 -1
-1 -4
-4 3
-4 7
3 -2
-5 7
3 0
1 -5
-4 4
-1 -5
-2 2
-4 2
1 -3
2 1
0 -6
-8 3
0 -5
-5 8
-4 -3
-2 -3
4 -3
-5 -2
-6 2
4 0
-4 0
-7 0
-2 3
-5 4
-6 9
-3 7
-7 9
-6 4
-7 3
-5 0
-8 1
2 -4
-8 9
2 -5
-9 10
-6 5
4 -2
0 -7
-7 10
1 -7
-9 9
-6 7
5 -1
5 0
6 -2
-5 3
-9 3
2 -8
-9 11
-2 6
3 -1
1 -4
5 -2
-4 -1
-8 8
-10 10
-6 8
-10 4