0 0
1 -1
1 0
2 0
1 -2
1 -3
0 -1
1 -4
3 -1
2 1
0 -4
-1 -4
2 -4
3 0
0 -2
-1 -1
0 1
0 2
0 -5
0 -3
-1 -5
-1 -6
-1 -2
2 2
1 2
3 1
-1 1
1 1
1 -6
2 -1
0 -7
4 0
1 -8
3 2
-2 1
-2 -3
0 -8
2 -6
-1 -8
2 -7
-2 0
3 -8
-3 1
-2 -2
1 -5
2 -3
-1 -7
-3 2
-4 2
3 -5
1 3
-3 -2
3 -7
-2 -6
-2 2
4 2
4 -9
1 4
-4 -1
1 -9
-2 -1
-4 -2
-2 -7
2 -10
4 -1
-1 -9
3 -6
-4 -3
4 -5
-2 -5
-2 -8
3 3
-5 -1
0 4
-4 -4
-1 3
1 5
-5 2
3 -2
4 -10
-3 -6
1 -7
0 5
5 -2
4 -6
0 -6
-5 -4
2 3
-6 2
-6 3
-5 1
5 1
4 -2
-7 4
-2 3
0 -9
-3 -1
2 5
-5 0
0 -10