0 0
0 1
1 -1
0 2
1 1
-1 2
2 -1
0 -1
-1 1
-2 1
-3 1
1 0
-2 2
0 -2
-1 -2
3 -1
-1 -1
-2 -1
-1 -3
-1 0
-2 0
-3 2
4 -1
1 2
-3 0
4 0
2 0
-4 1
-4 0
3 1
-1 3
-5 0
5 -1
-5 2
-6 0
-2 3
-5 1
1 -3
-2 -3
2 -3
4 -2
-6 1
5 -2
6 -1
1 3
-3 4
-6 2
6 -2
-7 2
-2 -2
-7 0
-4 2
-3 3
3 -3
4 -3
2 -4
-4 -1
-5 -1
-8 0
-3 -3
-4 5
-8 3
-9 3
-8 4
-10 3
-7 4
7 -2
3 -2
2 2
-11 3
3 0
5 -3
-9 2
0 -3
-9 0
-2 4
1 -4
-9 1
-12 3
5 0
-13 3
0 4
1 -2
-13 2
4 -4
4 1
-12 1
6 -3
-13 4
-4 -3
1 -5
-4 6
-7 3
-10 0
1 -6
1 -7
3 -4
-14 3
5 -4
6 -5
-10 2
-12 4
-9 -1
2 1
-14 2
-2 -4
-4 -4
-8 -1
0 5
2 3
8 -3
-8 1
-3 -1
-13 5
-9 4
-1 5
-10 4
-9 -2
6 -6
-2 6
8 -4
3 2
-8 5
-10 -1
-3 -2
0 -7
-3 7
9 -5
-13 1
-3 6
2 -5
-2 -5
3 3
-12 5
10 -5
-14 1
7 -7
-8 2
-2 -6
-5 7
-11 2
-3 8
4 3
-5 5
0 -6
-4 4
11 -6
-6 8
6 -4
-5 8
10 -4
-11 -1
-1 -6
-10 5
-4 -5
7 -8
-14 6
-11 5
7 -6
0 -4
-5 3
-4 3
6 0
-1 -7
-14 4
-1 6
-2 5
-15 4
-6 6
-8 6
12 -7
6 -7
-5 6
-14 7
8 -5
-6 9
-7 -2
-6 -2
-2 7
1 -8
7 -1
11 -4
7 0
-5 -2
8 -7
3 4
8 -9
-9 5
9 -4
10 -3
7 -4
12 -5
2 -8
-5 -5
13 -7
-7 1
-6 -3
3 5
-5 -6
-5 -3
