0 0
0 -1
1 -1
0 -2
-1 0
0 -3
-2 0
-2 1
1 0
-1 -3
-2 2
1 -4
-1 -1
1 -5
-2 -1
2 -5
1 -2
1 1
-1 -2
-3 2
3 -5
1 -3
1 -6
-3 -1
-3 -2
2 -6
2 0
2 -7
-3 3
2 -4
2 1
3 -8
3 -6
-4 4
2 2
0 1
-4 -2
-3 4
-3 -3
-1 1
-4 -3
0 -5
-2 -4
-2 -3
3 1
-1 2
-5 -3
-5 5
4 -8
4 -6
4 -7
-3 1
1 2
-6 5
-3 5
-6 -2
-4 2
-4 5
-5 4
-5 2
-5 -2
-5 3
-3 0
-3 6
-6 -1
2 -2
2 3
3 -1
5 -8
2 -3
-2 -2
-5 -1
6 -8
-4 3
-6 3
-2 -5
-3 7
-7 -1
-8 -1
-5 6
-8 -2
6 -9
-2 5
0 -6
0 3
2 -1
-5 1
-3 -5
-4 8
3 -9
-6 0
3 3
-4 7
7 -9
-6 6
7 -10
-1 -6
3 -10
-2 3
-4 9
-4 -5
-5 8
0 4
1 4
3 4
-5 0
-2 7
7 -8
-6 1
3 -3
-2 -6
-4 -1
-2 -7
-3 8
0 2
-1 3
6 -10
7 -7
0 -7
-1 4
6 -6
2 4
2 -10
8 -11
-7 -3
7 -11
4 4
4 -4
8 -10
-1 -4
1 -9
-5 10
-3 -7
4 -9
4 -1
-9 -2
3 -7
0 -4
-7 -4
4 5
-8 0
-7 -2
-10 -2
3 5
-7 3
1 -8
-6 -4
0 5
2 -11
4 -5
-3 -8
-9 1
-6 11
-7 6
5 -5
6 -5
4 -2
-4 6
-5 9
-6 4
-6 7
-11 -2
1 -11
7 -12
-6 12
3 0
2 -12
2 6
-7 12
5 -10
6 -11
-9 2
-8 1
5 -4
1 5
-7 11
-9 -1
-4 10
0 -8
-2 8
0 6
-9 3
-5 11
-5 -5
-10 -1
5 -7
-2 9
-7 2
6 -4
-11 -3
0 -10
-2 -9
-4 -4
5 -2
5 5
8 -8
-1 -5
-8 -3
1 -12
9 -8
