0 0
1 0
0 1
0 -1
-1 -1
2 0
-2 0
0 -2
-1 0
-2 -1
1 1
-1 1
1 -3
-2 1
-3 -1
1 2
1 -2
-4 -1
2 -3
2 1
-3 2
1 -4
2 -1
-3 1
3 -1
-3 0
-4 1
0 -4
3 -3
4 -2
-4 0
-2 -2
-3 -2
0 -3
2 -4
-4 -2
-2 2
0 2
1 -1
-2 -3
1 -5
-1 -4
-1 -5
2 -2
-5 -2
-5 2
-6 3
-4 2
-7 3
4 -4
5 -3
-2 -4
6 -3
4 -5
-7 4
5 -5
-3 -3
1 3
-8 5
6 -2
-3 3
2 3
-4 3
0 3
-5 3
6 -6
1 -6
3 2
-7 5
-5 1
-6 -1
-9 5
-8 6
7 -6
-1 3
-6 5
-8 7
-2 -5
5 -2
-5 -1
3 -5
3 -4
3 -6
-6 6
0 -5
-7 0
4 -3
-9 7
4 -1
0 4
-3 -5
7 -2
5 -4
-5 0
7 -4
8 -2
-7 2
-8 8
-1 4
4 -6
-8 3
0 -6
2 4
-10 7
5 -6
6 -5
7 -7
8 -6
-5 5
4 2
7 -3
8 -1
7 -1
-5 -3
-1 -6
0 -7
0 -8
1 5
2 -7
-6 0
-1 5
9 -2
-3 -6
-9 4
-9 8
-7 7
-10 4
-4 -4
4 0
-4 -5
10 -2
-8 2
2 -8
2 -9
-1 2
-4 4
-6 2
3 -9
-9 9
-3 4
3 -7
7 -8
7 -9
-10 6
-6 7
-7 6
4 -8
4 -9
-5 -4
-11 7
4 1
-6 1
5 -7
1 4
3 -8
4 3
10 -3
-8 4
-9 10
2 5
-2 6
0 6
6 -7
-1 7
-10 10
3 4
10 -4
5 1
6 -1
3 0
-5 6
10 -5
5 -10
9 -6
-11 6
-11 11
-8 1
7 -10
-3 7
8 -3
-6 4
-11 10
-9 6
-11 9
-5 7
5 -11
1 -8
5 -1
-8 10
1 6
9 -1
4 -11
6 -10
10 -6
-5 8
-3 5
9 -4
2 2
-10 5
-5 -5
