0 0
1 -1
1 -2
2 -2
1 -3
0 1
0 2
1 2
2 -3
2 -1
2 -4
1 -4
-1 1
0 -3
2 -5
3 -6
2 1
3 1
-1 2
-1 -3
3 0
1 3
4 -7
5 -7
6 -8
-2 1
-3 1
-4 2
-4 3
2 -6
4 0
-5 4
-1 -2
0 -2
-6 5
1 4
5 -6
5 -1
-2 -2
-3 -1
4 1
-2 0
-1 -4
-1 3
1 0
-2 4
-7 6
1 1
3 2
7 -9
3 -4
7 -8
2 2
1 -5
1 -6
-5 3
0 -5
4 -4
1 -7
0 5
-1 -1
-1 5
1 -8
4 -6
2 -8
-2 2
0 -7
5 -2
-2 -4
1 -9
5 -8
1 -10
0 -6
-2 3
0 -8
-1 4
0 -1
3 -3
-2 -1
8 -9
3 -9
5 -4
-1 -8
1 -11
-2 -3
-4 1
-2 -7
-4 -1
0 -9
6 -7
0 6
6 -5
-1 -7
-3 0
9 -10
5 -3
-2 6
4 -1
-5 1
7 -7
7 -6
5 0
5 -9
4 2
1 6
4 -10
6 -3
2 -9
-5 0
-6 4
-4 4
-6 2
9 -11
3 -7
-5 2
3 3
-1 -9
-3 2
0 7
-7 4
3 -2
-3 3
3 -5
-3 6
-5 -1
0 8
-3 5
4 -3
3 4
0 9
-4 6
-2 -9
-5 -2
5 -5
4 4
0 10
8 -10
-3 -9
0 3
-6 -2
7 -4
3 -1
0 -4
-1 -10
-4 0
-6 1
-3 -3
-3 4
2 0
4 -8
-7 5
5 -11
8 -8
4 -9
5 2
2 -12
4 -2
-7 -2
-7 7
-6 3
-5 -3
3 -13
6 0
4 -13
-5 5
-1 -6
2 -10
8 -4
2 -7
-7 -3
-1 7
8 -5
8 -3
3 -14
-3 -10
6 -9
9 -3
1 -12
1 10
5 1
2 5
0 11
9 -5
5 -10
-8 6
3 -10
-7 8
2 10
-4 -9
-9 7
-7 -4
9 -2
8 -1
-8 8
4 -14
-7 2
7 0
-9 6
1 -13
-8 -2
