0 0
1 0
2 0
1 -1
1 1
0 2
-1 1
2 -2
3 -1
3 -3
1 2
4 -1
2 -1
-2 1
-2 2
-2 0
4 -3
1 3
-3 3
-1 -1
-1 2
-1 -2
0 1
-1 -3
-1 0
-2 -2
-4 3
1 4
0 3
-2 3
2 1
2 2
2 3
-1 -4
5 -3
-3 1
-2 -1
-1 3
-2 -3
-1 4
2 -3
0 5
-1 -5
-2 -4
0 -5
1 -5
3 1
4 1
5 -2
-3 -4
-2 5
0 -2
-5 3
2 -5
-3 4
-1 -6
-2 -6
-3 5
3 3
6 -4
3 -2
3 -4
-3 0
3 2
3 4
6 -2
5 1
6 -1
-4 0
3 0
-2 4
0 -6
6 1
-4 -4
6 -5
5 0
0 6
5 -1
-4 2
6 0
-5 -3
-3 2
-4 6
4 2
-2 -7
1 5
4 -5
4 3
6 -6
-5 -2
-6 -2
7 -1
4 0
-1 5
0 -4
-3 -5
2 5
1 -6
-1 -7
-1 7
-3 -6
-4 5
7 1
1 -7
-7 -2
6 -7
-7 -3
0 -8
3 -6
4 -6
5 -6
1 6
0 7
4 -4
8 -1
3 -7
0 8
-4 -5
0 9
-3 6
2 -8
2 6
8 1
-5 7
0 4
4 4
-3 -7
-6 8
7 -2
-1 6
3 -9
-8 -1
-4 -2
5 2
-7 -4
7 -7
1 -2
4 -10
5 -10
8 2
8 -2
5 -7
1 -8
8 -8
-7 8
-5 6
8 -3
8 0
-5 1
-6 -3
-3 -2
5 3
4 -8
-4 -6
2 4
3 6
1 7
2 -4
7 -8
2 7
-9 -1
4 6
3 5
-5 -1
-6 6
8 -7
7 2
-5 4
4 -7
9 1
-7 6
-5 -4
-8 8
7 -5
7 -3
-1 9
7 0
9 -4
9 -5
9 -9
-8 7
10 1
3 -8
5 5
0 10
-7 9
-9 0
6 -10
-8 -4
4 -11
-1 11
-9 9
1 8
-8 -5
-2 -8
0 -7
-8 9
-8 6
6 -11
-9 -4
-7 7
-9 8
8 -9
-5 -5
10 2
-10 -1
-10 -4
10 -10
-4 1
-9 7
10 -9
11 0
-1 10
6 -9
-8 0
-5 0
4 5
-8 -2
-8 -6
-11 0
-11 -3
-10 10
-11 -4
4 7
9 -6
-10 11
-6 0
1 9
-6 3
12 0
-9 10
8 3
2 -6
10 -4
6 4
-7 0
-11 -2
-3 -8
-2 10
2 -7
9 -8
7 3
7 -4
-9 -5
10 -7
11 -9
10 -5
-7 4
12 -1
10 -11
10 -8
6 5
6 2
11 -12
-6 9
-5 9
11 -11
-12 1
-10 -2
-4 9
-7 -5
11 1
12 -13
-6 -6
-11 -5
-7 3
-1 -9
-10 -6
0 11
7 5
-10 9
-9 6
-12 2
11 -6
-2 -9
0 -3
-12 -1
0 12
-11 1
9 -7
12 -11
-4 8
-1 13
11 -7
-3 11
-3 10
2 -9
11 2
-2 9
-4 7
11 -10
-2 7
-7 5
-2 12
-8 -7
12 -10
12 -8
7 -11
-9 -2
5 7
