0 0
1 0
0 -1
-1 1
-1 2
-1 0
2 -1
-2 2
2 0
-2 3
-2 0
-1 -1
1 -1
-3 0
-2 -1
-3 4
-1 3
-3 3
-4 0
-2 -2
1 -2
-4 -1
-5 -1
-3 5
3 -2
-6 0
-7 1
-8 1
-4 6
3 -3
-4 1
2 1
-4 -2
-4 -3
2 2
3 -1
-2 1
-4 4
-2 -3
1 3
-5 7
-6 7
-4 -4
-7 0
-5 -3
0 2
-4 2
-3 -2
-3 -5
2 3
-5 1
3 1
2 -2
-4 5
4 -2
-8 2
-5 8
5 -3
-3 2
-6 -2
-4 3
-5 -2
-2 -6
6 -3
-4 7
-2 4
3 3
-5 4
-7 8
-3 7
3 4
-1 -3
3 5
2 5
-6 2
-8 8
-6 4
-3 -1
-5 9
-3 -3
6 -4
-2 5
2 6
-4 9
-2 -5
4 -1
-6 -1
-1 -6
-1 4
-7 3
4 0
1 -3
2 7
2 8
4 4
4 5
-5 3
-7 -1
-6 9
-2 -4
5 5
-1 -2
-8 9
-9 1
7 -3
4 -4
1 2
-6 -3
-2 6
-8 4
1 5
-7 9
-1 -4
3 8
-6 1
-5 0
5 -4
0 5
4 1
0 -3
1 1
-6 5
-9 9
4 2
-5 5
-9 3
5 -2
1 6
-3 -6
4 7
7 -4
5 6
-7 -3
4 6
-8 -1
3 2
2 9
3 0
-8 7
-5 2
-1 -7
-10 4
-4 -6
0 -8
-7 -4
3 -4
-5 -5
-4 8
-8 -2
-9 5
-3 -4
3 -5
-8 10
-8 0
6 -5
7 -5
2 10
8 -4
6 -2
-9 7
-7 -2
-7 5
6 4
0 4
-10 1
7 4
6 5
5 7
-9 11
-10 5
2 -4
1 -9
9 -4
0 -9
-2 7
-1 6
-10 12
4 3
-10 9
-5 -4
-10 6
5 1
4 -5
0 6
-6 10
5 0
-3 1
6 -6
1 -8
2 11
1 10
6 0
4 -6
-6 3
0 7
0 3
-11 2
3 10
10 -4
-7 6
1 7
1 -10
-11 12
3 9
-6 11
-12 3
7 -2
-3 8
-11 9
-5 11
8 -3
0 -10
-7 10
-6 12
-8 -3
0 10
-11 1
3 7
-10 0
-7 -5
7 5
-10 -1
-9 4
-9 6
0 9
1 8
2 12
8 -6
-1 -8
6 3
3 11
-9 -1
0 -4
2 13
3 12
6 6
-1 8
1 11
-10 11
-7 2
-12 9
-6 8
-1 10
-12 1
8 -2
7 0
-8 -4
-12 13
-7 13
-9 2
2 4
0 11
6 -1
-8 6
8 -5
-11 8
-1 12
-11 7
9 -2
11 -5
1 12
-2 9
-12 2
-2 13
-8 3
-7 11
2 -10
0 -11
-8 5
-11 3
1 -5
-6 -5
-10 13
2 -6
5 3
-13 2
-11 13
-1 7
-13 3
8 5
7 1
-13 13
5 -6
9 4
7 2
-14 14
7 -1
4 -3
9 -1
-14 13
-11 6
4 11
-1 -11
-3 9
4 10
5 2
-3 6
-8 11
-15 15
-12 0
