0 0
1 0
-1 1
2 0
-2 1
-1 0
3 -1
4 -1
-3 2
3 0
4 -2
2 -1
2 -2
3 -3
-3 3
4 -3
-4 4
-4 2
2 1
3 1
1 1
-2 0
5 -4
5 -3
0 1
5 -2
-2 3
1 -2
2 2
6 -4
3 2
-4 3
-4 1
7 -4
0 -1
-1 -1
3 -2
-1 2
3 -4
0 -2
8 -4
-4 5
-5 2
3 3
4 -5
-3 4
2 3
-4 0
-5 0
8 -3
4 -4
1 4
8 -2
9 -4
0 -3
0 5
9 -5
4 3
5 -6
8 -5
-3 -1
-2 2
6 -6
6 -2
0 6
0 -4
4 0
-6 2
10 -4
-1 6
-1 7
5 3
5 -1
-1 3
9 -2
0 7
-6 0
6 2
-3 -2
0 8
6 -1
5 -7
-3 1
-4 6
7 -7
6 3
1 -5
4 -7
-4 -2
1 7
-2 6
-2 7
-5 4
0 9
7 -8
2 4
7 1
-6 5
4 -6
9 -3
3 -5
7 -6
6 0
1 6
8 -6
6 -7
1 5
-1 4
10 -5
-2 8
7 -2
0 10
6 4
7 -3
-2 -1
10 -2
1 3
2 7
-6 1
4 -8
6 5
-1 10
1 2
3 4
-1 8
7 2
-1 5
3 -7
6 -3
2 5
1 9
5 4
2 6
5 2
4 5
5 6
7 -5
1 -3
-2 4
7 5
10 -1
3 5
2 -4
8 4
5 -8
11 -2
4 6
0 11
4 1
8 0
10 -3
4 4
9 3
0 -5
9 2
-1 9
5 -9
-4 -1
-2 -2
4 7
-2 10
-3 0
7 -1
11 -6
11 -5
-3 8
1 11
3 6
-4 7
11 -3
-1 -3
-2 5
1 -1
-2 -3
1 10
8 -7
-2 11
8 1
12 -2
9 4
8 2
6 1
-7 2
10 1
-2 9
8 5
0 12
-3 5
9 -6
8 -9
-5 7
9 -1
6 -9
-3 6
9 -9
12 -6
1 12
10 2
3 -8
13 -6
-6 3
-2 12
2 12
2 -5
5 -10
3 8
1 8
8 6
0 3
7 4
5 5
8 -10
-6 4
-7 3
9 5
-3 12
-7 6
8 -8
-3 10
1 13
7 7
3 7
8 -11
7 6
3 9
-1 -4
9 0
12 -1
14 -6
9 -7
7 8
4 9
-8 3
12 -3
10 -6
13 -5
13 -3
8 7
3 -9
1 -4
-5 6
-7 5
4 8
2 -8
7 0
7 -10
2 -9
-6 8
-3 11
1 -6
-5 1
9 6
14 -7
-8 2
-7 8
-8 4
-7 0
5 0
15 -7
2 11
-4 9
1 -9
0 -8
10 6
6 8
-4 13
6 -5
-6 7
7 3
-4 10
6 -11
-1 -8
13 -7
-1 12
7 -11
-8 9
-1 -9
2 -10
10 -7
1 14
-2 -4
-3 -4
1 15
-2 -5
3 10
-4 14
-7 7
0 -10
-4 12
-6 9
13 -4
-2 -9
8 3
7 9
-5 9
1 -10
2 14
3 -10
-5 -2
0 13
4 -11
15 -6
11 5
-2 -8
16 -7
-3 -9
10 7
-3 9
-3 13
9 -8
-5 12
0 -6
-8 5
12 -4
11 4
2 -7
-5 13
-6 10
9 1
-2 -7
-8 0
13 -1
2 15
10 4
-5 15
-7 1
-7 9
12 3
-9 4
7 -9
-5 -1
-9 2
14 -1
-3 -8
3 15
-4 15
2 9
3 -11
-8 7
3 11
8 8
3 -12
-6 11
13 -8
-6 -1
-5 14
4 -12
11 7
4 -9
14 -3
15 -1
13 3
-5 5
-8 1
4 2
-1 11
-6 13
-10 4
-3 -5
11 6
7 10
11 1
12 5
6 6
17 -8
6 10
10 8
-8 -1
9 -12
5 -11
14 0
-10 5
-8 -2
12 2
13 -2
-6 14
8 9
-9 1
-7 12
3 12
3 -13
-6 6
5 10
4 -14
8 10
5 -5
6 7
6 11
17 -7
-10 3
5 11
2 -13
10 3
-9 -2
11 -4
6 9
-4 -7
-1 14
-9 7
0 4
