0 0
1 -1
-1 1
-1 2
1 -2
0 1
1 -3
-2 2
2 -1
0 2
1 -4
1 -5
1 0
2 -4
-2 3
1 1
1 -6
-2 4
-1 3
3 -1
2 -3
0 -2
3 -2
-3 4
3 -3
0 -3
0 -6
2 -6
-1 -6
0 -1
-3 2
-4 5
4 -1
2 -7
2 -8
1 -8
3 0
3 -8
-1 -5
-1 -7
4 0
-4 6
4 -4
4 -9
-5 7
-1 -1
-1 0
0 -4
2 0
-1 -8
4 -8
-2 -4
-1 -3
4 1
3 -4
4 -10
4 -7
3 2
3 -9
-5 5
3 1
-1 -4
5 -4
4 -5
2 1
1 2
5 -10
-4 2
4 -2
5 -6
6 -4
4 -6
-1 -9
-2 -6
-5 8
-4 8
-4 9
5 -9
-2 -5
2 -5
2 -2
5 1
-2 1
0 3
-3 9
-6 9
-7 10
-3 7
-6 8
-3 -6
-5 4
-5 2
-1 -10
-6 10
-2 -3
-6 3
5 -5
1 3
4 2
-4 10
-7 9
3 -6
-6 6
-6 5
5 -8
-6 2
3 -10
-2 9
-8 11
0 -8
-3 1
-7 3
-8 3
0 4
0 -11
-8 2
6 -7
-7 11
-9 3
-2 5
4 -3
2 3
2 2
2 -9
-4 -6
6 -8
5 -7
-5 11
-9 4
-8 9
7 -4
-3 3
0 -5
4 3
8 -4
-6 1
-8 12
-7 7
-2 0
-5 0
-4 -5
-8 13
1 4
-7 4
-8 4
-4 0
-3 5
-7 13
3 4
-4 1
1 -11
-6 12
-7 6
-1 4
-8 8
1 -9
-1 -2
-4 7
-10 5
2 -10
9 -4
7 -3
1 -10
-3 -1
9 -3
-5 10
-3 -2
-4 -1
-8 7
-2 -9
-2 10
2 -12
-2 7
0 5
-3 0
10 -5
-4 -7
6 -5
6 0
-7 5
-8 10
11 -6
7 -5
5 0
-2 11
-6 11
5 -2
-9 12
-4 -2
3 -12
-11 6
0 -12
-2 -7
-3 -8
4 -11
0 -9
-3 -7
-9 2
6 -9
1 -12
-1 11
4 -13
3 5
10 -3
9 -2
-6 0
7 0
10 -6
-3 11
7 1
-4 4
-5 12
0 -7
7 -9
-11 5
2 6
2 7
9 -6
-4 12
-4 3
2 -13
-6 -1
-7 1
9 -5
11 -7
11 -4
10 -4
-7 0
7 -10
5 -12
-5 6
-1 -12
6 -10
10 -2
8 -3
7 2
8 -6
-1 5
4 5
6 -12
12 -4
2 -11
-8 6
-3 -4
-4 13
-6 4
7 -2
-4 -3
5 -11
-7 2
-5 14
-10 12
-5 3
6 -11
6 -2
-9 5
-6 15
-11 13
-11 14
-10 4
-5 15
6 3
8 -10
-12 14
-10 6
-5 -7
-1 8
2 5
-2 6
10 -7
5 -3
-4 -8
9 -1
-13 14
4 -12
4 4
-2 -8
-12 6
12 -3
12 -5
12 -7
-6 14
11 -3
-7 8
-10 11
7 -1
-10 7
-13 13
-9 11
-4 -4
6 1
13 -7
6 -1
8 -9
-4 -9
-13 15
13 -6
-13 7
-10 3
4 -14
12 -8
8 0
-1 7
-5 -5
-14 8
5 -15
13 -3
-9 1
0 10
-15 8
-8 1
-1 6
14 -7
-9 8
2 -14
-5 9
3 7
9 -10
-8 5
8 2
-13 16
1 7
-6 -7
-2 -10
0 -10
6 -6
-2 -2
-14 7
5 -1
4 6
-5 -1
-2 8
-16 8
13 -8
1 9
3 3
14 -8
1 -7
-3 6
-8 14
-14 9
7 -7
-5 13
-10 14
9 -9
3 -15
10 -10
8 -8
6 -16
-16 7
-4 15
0 9
-1 -11
14 -9
-12 16
-6 16
-8 0
7 -16
-11 7
-10 2
-3 -3
-16 6
3 8
9 2
-12 5
13 -9
-9 0
-10 15
-11 4
9 -8
3 -16
2 -15
-7 15
-5 -9
0 7
2 9
-5 -4
-6 -5
-5 -10
1 6
-8 15
6 -15
-6 17
-2 -11
7 -11
-1 9
-10 9
-14 14
-9 16
5 -16
-17 9
-9 14
-3 10
-4 -10
-11 9
-9 -1
4 8
9 3
-11 3
-11 8
