0 0
-1 1
0 -1
-1 0
1 -1
0 -2
-1 -1
-1 2
1 0
2 0
-1 -2
0 -3
-2 0
-2 2
-2 1
-3 0
-3 1
1 -2
-2 -1
1 -3
1 1
2 -1
0 2
3 -2
0 3
1 -4
2 -4
-4 0
3 -5
-1 4
1 2
2 -3
-4 -1
3 0
1 3
-2 5
-5 0
-5 -1
-4 1
1 4
0 4
-3 2
-4 3
1 5
-3 -2
-5 -2
1 -5
2 4
-6 -1
0 6
4 -3
3 4
-1 7
-1 6
4 -5
-1 3
1 -6
-4 4
-3 4
-4 -3
-4 5
-1 5
-2 -3
-5 -3
1 6
-6 0
5 -3
4 3
2 -6
-1 8
4 -1
0 -6
-2 3
-6 -2
-1 9
-3 3
0 -5
-4 6
4 2
-3 -1
-3 5
-2 -4
-5 4
0 -7
2 1
-6 4
-2 -5
3 1
0 -8
5 -1
-6 5
2 -7
3 -8
-2 6
-5 5
-6 6
-7 6
-2 9
-3 7
6 -2
2 -2
1 7
-2 -2
6 -3
4 -6
-5 6
3 -6
-1 -8
-3 -4
0 5
3 3
-1 -5
-4 8
-5 9
-4 2
3 5
7 -4
-6 10
-2 7
6 -1
-5 2
-5 8
-1 -6
-7 11
-6 1
2 6
-3 9
0 8
0 -9
4 4
-6 11
-1 -3
-7 4
-8 6
-4 7
-5 10
-7 2
-1 -9
5 2
0 7
-5 7
-9 7
5 1
-7 12
-2 -7
-3 -3
-6 8
5 -4
7 -5
-7 -1
-8 3
3 -1
5 -5
2 2
-3 6
-7 -2
-8 -1
-2 8
7 -2
4 -9
-2 10
-9 8
-7 7
-6 9
1 -9
-9 4
0 -4
8 -2
-2 4
0 1
-4 -2
6 -4
6 -5
-4 9
-10 7
-7 13
6 -6
-3 -6
-5 11
9 -3
-7 10
1 -10
3 -4
5 3
-6 7
2 -8
3 -3
2 7
2 5
4 -4
8 -1
10 -3
-10 4
5 -10
-4 -4
-8 14
-1 10
7 -1
2 3
3 -7
4 1
3 2
-8 10
-4 -5
-9 0
-1 -10
-8 15
-9 14
-10 1
-8 13
4 -2
-5 12
-5 1
-9 13
-11 2
4 0
-10 2
-10 14
-7 -3
-1 -11
-11 4
-9 3
-11 15
-10 15
5 -2
-6 -3
-5 -4
7 0
-8 11
-1 11
-9 16
-10 16
1 -11
3 -9
-4 10
4 5
-12 4
-11 7
6 -10
-6 -4
3 6
-3 8
0 9
-6 12
-2 -10
2 8
-9 6
-12 2
7 -7
-9 5
7 -6
-12 7
-6 13
7 -8
-11 1
-8 4
2 -9
0 10
-10 17
-2 12
-1 -7
-7 -4
-1 -4
5 -9
-3 10
0 -10
-11 8
-10 0
8 -9
-4 11
1 10
6 -8
-3 -7
-7 5
-9 9
-12 6
8 -6
-9 17
-8 -4
-13 8
-11 5
-3 12
7 -10
4 -8
-6 2
9 -9
-14 8
-15 8
-10 18
-13 7
-3 13
8 -4
4 -7
-8 2
-3 14
9 -8
10 -8
5 5
-4 13
-10 8
3 8
-8 -2
-3 -10
-4 14
2 -10
2 -11
4 6
-8 9
-9 1
-16 9
-12 1
7 -3
-11 17
-3 15
8 -8
10 -10
-10 9
-8 7
0 11
3 -11
-7 3
-15 9
-2 -6
6 -7
-12 9
-6 -5
8 -7
-10 -1
-7 0
-3 -5
-2 11
9 -2
-12 15
-3 16
-13 9
5 -8
-11 0
-11 14
4 -12
-2 14
5 6
-4 12
11 -9
-3 -9
1 -7
2 9
-13 15
-7 15
3 -12
-9 -4
8 -5
-12 10
-15 7
10 -9
3 9
-10 19
5 -12
-13 16
8 -11
-4 16
2 -12
-5 17
6 4
-1 13
-11 13
-11 20
-13 11
-13 14
7 -9
-4 -6
-6 3
-9 18
-2 -9
4 -13
-9 11
-14 15
10 -7
-3 11
-12 21
5 -14
-6 -6
4 9
5 9
6 5
-14 7
1 -12
6 -14
9 -12
-8 1
8 0
-5 14
-13 3
5 -6
-15 10
11 -11
3 7
0 -11
-11 3
-1 14
4 8
