0 0
-1 0
-1 1
1 0
-2 2
1 -1
2 0
-1 2
0 2
0 1
-1 -1
0 -1
-1 3
-3 3
-1 4
-1 -2
-4 4
3 0
-2 4
-2 3
-3 4
3 1
-3 5
3 2
-2 -2
1 2
0 -3
-1 5
-4 3
2 1
-4 2
-1 6
2 -1
-4 6
2 3
0 3
-5 6
-2 0
1 4
-2 1
0 5
-4 1
2 4
-2 6
-2 5
-4 7
4 1
-3 6
-6 7
0 -2
-4 5
1 3
-4 8
0 -4
-5 7
3 4
-2 -1
4 -1
-4 0
-1 -3
-3 2
-6 8
-5 8
-6 9
-5 9
3 -1
-3 1
-5 1
3 3
1 -3
2 2
-7 8
-5 2
0 4
-3 8
-4 9
-5 0
-6 1
2 5
5 -1
-7 7
-5 5
2 6
-8 8
5 -2
5 -3
3 -2
4 2
-5 10
-4 -1
-1 -4
4 0
-4 -2
0 6
0 -5
1 7
-6 0
-6 -1
-2 7
-6 -2
1 1
-7 9
-7 2
2 -4
-6 2
-7 10
-4 -3
1 8
-9 9
-8 3
-9 10
-2 -4
1 -5
3 -3
4 4
2 8
-5 11
5 3
-9 3
-3 9
2 -6
0 -6
2 -7
-8 4
5 1
-7 -2
-5 4
6 0
2 -3
3 -5
-3 0
-2 -5
-3 -3
0 -7
-5 -2
-2 8
-9 8
2 -8
6 3
-9 5
4 5
0 -8
1 9
-3 -2
3 7
3 -4
-6 5
-3 7
6 2
7 0
7 1
-7 11
1 6
-9 7
-7 12
-7 1
-7 13
1 -2
2 -2
-6 11
0 -9
-3 10
-6 12
-2 -3
3 -7
-1 -7
6 -4
3 5
6 -1
2 7
0 -10
-10 7
-8 2
5 0
-8 9
1 -10
-10 4
0 7
4 -4
-1 8
-3 -5
-11 4
-8 7
-10 9
-1 -5
-7 -1
-4 -4
1 -4
8 0
0 -11
6 -5
-7 6
6 4
9 0
3 -6
6 1
4 -8
-8 13
4 -2
-9 13
-8 0
5 5
1 5
1 -7
-5 -1
-1 -8
-3 11
-4 10
-8 11
-11 3
-9 11
-8 -2
-7 14
4 3
-3 -1
-5 3
-11 9
-10 12
-12 4
6 5
5 6
-11 5
7 -4
-4 -5
3 -8
-10 14
-12 6
-5 -3
-4 12
7 5
-6 6
5 -5
-11 14
-13 7
8 -1
-1 -10
8 -4
5 -6
8 -2
-10 5
-11 7
6 -3
-9 1
-2 -7
-9 -1
8 4
5 -8
-8 -3
-8 12
2 -10
7 6
7 -5
8 -3
-7 -3
-8 6
8 5
8 -6
9 -5
10 -1
8 3
5 -4
-13 6
-12 8
11 -1
5 7
0 -12
0 8
-10 8
1 -6
4 6
3 -9
-10 2
9 -6
12 -2
1 -13
-7 15
5 -9
-5 12
-10 0
-8 10
-13 4
2 9
7 7
7 -2
-6 14
-9 2
-14 6
-11 2
-8 -1
-11 0
6 -9
-7 -4
9 2
3 -10
-6 13
13 -2
-10 -1
6 -7
0 10
6 -6
7 -6
5 4
-11 10
-12 14
-13 14
-2 10
9 -3
-15 7
-13 5
9 -7
10 0
2 -14
-10 3
-2 -6
-12 15
-12 5
-12 9
-9 -3
2 -9
-7 0
-13 9
-13 15
7 -7
-14 14
6 8
-12 7
8 1
9 -4
4 -6
-15 6
-5 14
-14 16
-10 11
5 -7
-15 17
-6 10
-14 13
-15 14
-1 -11
-11 1
-4 13
3 9
-6 -5
-15 8
4 -3
4 9
8 -5
7 3
-9 0
9 3
-10 1
3 -11
-1 9
-1 11
-11 15
-4 11
-8 14
-8 5
11 0
-14 12
4 -7
-13 13
-13 11
-3 13
-11 11
-12 16
1 -9
-14 17
7 -1
-10 10
-7 5
-9 14
7 -8
-11 12
6 7
12 -3
-6 -4
-12 1
-15 12
-15 16
-8 1
-13 12
14 -2
7 -3
12 -4
-5 -6
9 5
-15 18
2 -13
4 7
-15 19
-13 16
-6 -6
-2 -11
9 -1
-10 -3
-1 -12
8 7
10 -4
0 11
-14 10
3 8
-2 -10
7 4
4 -5
2 -11
8 6
-10 -4
-11 -2
-6 -7
-11 13
4 -10
-16 6
-5 15
6 9
2 -12
4 8
-3 -9
-16 14
3 -13
-6 3
-8 -4
8 -7
-7 -6
-4 -6
-11 8
2 -5
-9 -5
-15 9
5 8
-3 -11
-12 0
-9 -6
-9 -7
8 -9
14 -1
-4 15
9 -8
-4 -10
-10 13
-15 11
-11 -3
-10 -6
-9 6
-3 -7
-2 9
4 -14
8 2
-7 -5
9 -10
10 4
-13 8
-1 12
-12 11
8 -8
-7 4
-5 13
10 5
7 -10
7 9
13 -1
5 -10
-14 9
9 -11
-16 10
-14 5
-15 15
-13 0
9 1
-11 -6
-2 12
0 12
-16 18
-16 16
-3 15
10 -2
-1 13
-12 2
-3 -10
-4 -9
-5 -7
-16 7
8 -11
-2 13
8 9
-17 18
7 -9
1 -12
6 -11
-8 -5
10 -10
7 8
10 -12
-8 -7
6 -12
-15 5
7 -12
-2 -9
-7 3
-5 -8
