0 0
0 1
0 -1
0 -2
-1 -1
-1 1
-1 0
1 0
0 2
1 -1
-2 -1
-3 0
-4 1
-4 0
-5 1
1 -3
1 1
-2 -2
1 2
2 -4
2 -2
-2 2
-4 2
2 2
1 -4
-6 2
2 -3
-2 1
3 -5
-3 1
-1 -2
3 -6
-4 -1
-7 2
3 -3
-4 -2
2 0
3 -7
-5 -2
-7 1
-2 -3
-2 0
-5 2
-1 3
-2 3
-6 1
2 -6
4 -5
-2 4
-5 -3
2 -1
3 -4
2 3
-4 -4
-2 5
4 -6
-7 0
1 -5
3 -1
1 -6
1 -7
-6 3
-3 5
-4 5
-8 0
-8 -1
-7 -1
-3 2
2 1
-7 4
0 -7
-8 2
-5 0
4 -2
-3 -2
-8 5
-6 -1
-2 -4
-2 -5
-1 -5
-3 3
-8 3
-9 6
2 -7
-9 7
0 3
0 -8
-1 2
-8 6
-9 1
-3 -1
3 3
-4 -3
3 -2
5 -2
0 4
-8 4
-4 -5
-2 6
-5 -1
6 -2
-3 7
-1 -3
5 -7
-3 -4
-1 -6
5 -6
-3 4
-5 3
0 -4
-6 -3
-6 0
-5 6
6 -6
0 5
3 -8
-3 -3
-7 -3
-4 -6
-3 -7
-4 3
3 0
-2 -6
7 -6
-3 -6
7 -7
-6 -4
-2 7
8 -6
-9 8
4 3
6 -1
-2 -7
-7 -2
6 -3
-10 9
7 -1
4 -8
5 2
-10 8
6 -5
-8 1
0 -3
-8 -3
5 -8
-10 6
4 -7
1 -2
8 -1
-10 7
5 1
-7 6
-9 5
-11 6
-6 6
-1 6
2 -8
-9 -3
4 -1
-11 9
6 -7
2 -9
1 3
5 -1
-1 5
5 -3
3 4
-11 5
4 2
8 -2
-7 7
-9 3
9 -2
3 -9
-10 10
4 -10
-5 -5
-5 -6
-12 10
-1 4
-11 10
7 -2
-5 -7
4 1
-6 -7
4 -3
3 2
3 -10
1 5
-4 8
5 0
-4 6
7 -3
-12 7
9 -6
0 -9
-6 7
5 -10
8 -3
-9 4
6 -8
4 0
-13 8
-8 8
-5 7
-6 8
3 5
3 -11
-4 9
-14 8
-12 11
8 -4
9 -5
-3 6
6 0
-9 -4
9 -1
-13 7
-11 4
-1 -9
5 -11
-10 4
10 -1
0 -10
4 -12
-7 5
4 -11
1 -9
-5 -4
-9 2
-6 5
2 4
6 -10
-9 -2
-7 -4
-12 6
11 -1
-1 -8
8 0
-14 7
7 -10
5 -13
-5 10
9 0
6 1
-8 9
-7 3
-8 -5
-12 9
1 -11
-9 -1
9 -4
3 1
4 5
-10 0
6 -9
0 -11
-10 1
1 -10
4 -9
-5 4
-10 2
6 2
-4 -8
4 -13
-7 -6
-1 -10
-12 8
-3 -5
-1 -7
-14 9
-6 10
4 6
-12 4
-9 0
5 -12
4 4
0 6
4 7
-11 7
-11 1
-8 -6
10 -7
-12 5
-11 8
10 -8
9 1
2 -5
-6 -5
6 -11
-7 9
-2 -8
6 3
8 2
0 -12
-11 11
7 1
-4 -9
-1 -12
-9 9
-4 7
-13 11
6 4
8 3
5 7
-13 10
-5 8
-12 2
11 0
-10 -4
10 -2
2 -10
-9 -5
5 -4
8 -11
-1 -11
1 -12
12 0
7 -12
7 0
-12 1
-11 0
0 7
-8 7
-3 9
6 -4
-7 8
4 -14
-8 -4
6 -12
-12 12
-10 -2
7 -9
-2 -12
-5 9
8 -12
-2 9
12 -1
6 5
10 0
1 -13
5 3
8 -10
6 -13
-14 12
-12 3
3 7
-9 -6
-8 -2
9 -11
-13 3
-1 8
-11 2
7 -13
7 -11
-7 -7
0 8
-11 -1
3 6
-11 3
-6 4
3 -13
10 -6
-6 -2
-6 9
-11 -4
-10 -3
10 -4
-7 -5
7 -4
-6 11
-9 -7
-3 -11
8 -13
-10 -1
-1 -4
10 -3
-13 4
11 -4
11 -9
-1 9
0 9
-5 -8
-2 -10
7 2
-15 7
4 -15
12 -4
-2 8
5 -15
-10 5
-8 10
7 3
-14 3
-5 -9
-12 -1
8 -5
7 5
12 -3
3 -14
11 -8
-12 13
7 6
-14 2
-11 -5
8 -8
-11 12
-7 11
0 -5
8 -7
9 2
11 -5
-3 10
13 -4
8 -14
-13 1
-10 12
12 -2
-15 3
10 -12
7 -14
-4 -10
-13 5
9 -14
7 -15
-13 2
-7 12
10 -15
-3 -9
8 -15
-4 10
1 4
-15 10
10 -9
-16 3
1 -8
2 -11
1 9
-12 0
8 4
-12 14
5 -14
3 8
6 -15
9 -3
-1 7
5 6
-5 5
10 1
7 -5
-11 14
-14 6
-8 12
-13 12
8 5
9 -8
11 -2
9 -12
4 8
-12 -4
-7 13
2 8
13 0
-2 10
-13 -4
13 -5
13 -6
6 -14
3 -12
14 -7
-10 3
-11 -6
9 -10
-13 -3
9 4
5 -5
-6 -8
10 -13
-2 11
-4 4
-14 5
1 -14
5 8
13 -2
12 -8
12 1
5 9
-15 5
7 -8
5 10
14 0
4 10
14 1
14 -5
-14 -2
-3 8
14 -4
-17 4
6 7
-11 -3
