0 0
0 -1
-1 -1
0 1
-2 0
1 -1
-1 2
2 -2
2 -1
-1 3
-3 1
-4 1
3 -3
3 -2
0 2
0 3
1 1
-2 3
3 -4
4 -5
-3 2
-4 3
2 -4
-3 4
-1 4
-2 -1
1 -2
-4 4
-5 4
1 3
-3 3
-5 3
0 -2
0 -3
4 -4
-1 0
-1 5
-4 0
-6 4
-2 4
-1 6
1 -3
0 -4
-4 2
-5 5
-1 7
-4 -1
2 2
-7 5
2 1
-7 4
0 7
2 3
-8 5
0 -5
2 -3
2 0
1 -5
-6 6
-6 5
-2 5
3 1
2 -6
-3 5
1 0
3 -1
4 0
3 3
5 -4
-3 -2
4 -1
-5 2
-1 -3
4 -6
3 -6
-3 -3
-9 6
6 -5
-1 1
-10 7
-4 5
2 -7
0 4
3 -8
4 -9
1 -7
1 7
-6 2
7 -5
-10 6
-10 5
5 -7
-3 6
-5 1
-3 0
0 8
-2 6
6 -7
-4 -2
-9 7
-9 8
-8 4
6 -6
-6 7
8 -6
-5 -2
-3 -4
1 8
-3 7
-7 2
-1 -2
3 0
-10 9
5 -8
6 -9
4 2
-1 8
-11 6
0 -6
5 -5
-8 8
-11 7
-7 8
1 6
0 5
-5 -3
7 -10
4 3
4 4
-3 8
-8 2
-11 10
5 -10
-6 1
4 -8
7 -4
-4 -3
5 2
-3 9
-7 7
-9 3
-10 10
8 -11
2 5
2 4
5 -3
-11 11
-11 5
9 -6
-7 3
-4 10
-12 10
-1 9
2 6
-10 4
1 2
-2 2
-3 -1
3 -7
-2 7
-6 -1
1 5
-4 8
-5 11
-5 10
1 4
4 -10
-4 9
2 7
8 -12
3 2
8 -4
5 -9
0 6
4 -7
4 1
8 -3
-11 8
-1 -6
-6 3
8 -2
-8 9
8 -7
-4 11
4 -11
6 2
-2 1
-8 7
-10 11
-7 9
6 -3
-6 0
3 -10
-8 6
-12 7
-8 10
8 -1
-7 6
9 -7
-5 6
1 -8
-12 8
-6 10
-4 -4
5 -1
-10 3
9 -1
7 -3
-5 -4
-8 11
8 -5
9 -12
10 -6
10 -7
-4 -5
-13 8
-10 2
1 -9
-9 12
-6 12
4 5
10 -5
-1 10
-3 11
8 -10
-3 -5
-11 2
-6 -3
6 -10
-2 -3
8 -9
-7 13
-6 11
7 -2
2 -5
-13 9
2 8
1 9
-9 10
10 -13
-1 -4
-2 -5
-11 3
-3 10
3 -5
-8 1
7 0
-7 14
8 -13
11 -13
-11 1
-4 6
10 -4
6 0
2 9
9 -3
6 -11
0 9
0 -8
9 -14
-1 -7
1 -6
-6 -4
7 -9
9 0
7 -7
6 -2
7 -12
-7 11
1 -4
-13 10
11 -14
5 -12
-1 -5
7 -8
-2 -2
10 -1
5 4
6 -1
-3 -6
-3 -7
11 -5
-10 12
-8 13
-14 11
-12 9
-14 12
-4 7
10 -8
-12 4
3 7
-3 -8
-11 0
3 5
5 -11
-7 10
-6 -2
10 -15
5 0
5 -13
5 -6
-6 -5
11 -7
11 -2
-6 13
-13 4
0 10
-13 11
9 1
11 -15
1 -10
4 -13
0 -7
-2 -9
-9 11
8 0
-7 15
-7 -4
-12 2
-5 -1
12 -8
9 -5
-6 -6
-13 3
7 1
3 8
-7 16
12 -13
4 8
-11 -1
3 -11
12 -7
-14 4
-12 12
12 -2
-5 -5
-1 -10
4 -2
11 -8
-9 9
-8 0
6 4
0 -11
-11 4
6 -8
4 -12
6 3
-5 8
0 -9
-8 14
9 -10
-10 13
4 -14
-7 17
-14 13
-15 11
-13 5
11 -4
-14 9
12 -12
3 4
-2 10
-8 -3
-9 -2
-2 -8
11 -3
-8 16
-7 -1
2 -8
-9 16
8 -8
-4 -6
-12 5
2 10
8 -14
-9 -1
10 -11
-13 2
-2 -7
-6 15
11 -12
12 -9
9 -8
13 -9
-12 1
1 11
3 -13
-5 -6
-4 -8
10 -9
5 1
4 9
-8 18
-14 14
-13 14
12 -5
7 2
10 -12
-12 11
12 -4
4 10
12 -6
-8 -1
-5 14
4 6
-9 4
5 6
-5 13
12 -16
-15 10
-16 10
7 4
-13 13
-4 -7
-7 12
-9 1
12 -15
6 -13
13 -8
5 7
-13 12
-9 18
7 5
-14 5
-7 -6
-7 -3
-9 17
-4 14
5 5
11 -16
-11 9
-10 19
10 -3
3 10
-8 -4
-14 8
6 6
-3 -9
-2 8
-10 0
13 -10
11 -9
14 -8
-2 9
5 8
-6 8
1 10
6 -4
-5 15
-16 12
9 -4
4 11
3 12
-11 13
5 10
14 -9
-8 15
12 -14
-9 15
10 0
-10 -2
-2 -6
5 -2
-17 11
-3 -10
-10 20
-4 15
-18 12
-11 20
-8 3
13 -7
4 -15
5 -15
10 -14
-7 0
13 -13
6 -16
5 -16
-10 21
-14 15
13 -2
12 -1
13 -16
-9 20
9 -15
14 -2
0 11
-13 6
-16 9
-6 17
-8 -5
3 9
-5 16
-15 9
-17 10
11 -17
-13 1
-19 13
0 -10
-14 3
